desc: I1 cache:         32768 B, 64 B, 8-way associative
desc: D1 cache:         32768 B, 64 B, 8-way associative
desc: LL cache:         3145728 B, 64 B, 12-way associative
cmd: ./tema3_blas ../input/input_valgrind
events: Ir I1mr ILmr Dr D1mr DLmr Dw D1mw DLmw Bc Bcm Bi Bim
fl=./elf/../bits/stdlib-bsearch.h
fn=intel_check_word.constprop.0
27 102 0 0 0 0 0 0 0 0 0 0 0 0
28 51 0 0 0 0 0 0 0 0 0 0 0 0
29 971 0 0 0 0 0 0 0 0 345 41 0 0
31 690 1 1 0 0 0 0 0 0 0 0 0 0
32 345 0 0 0 0 0 0 0 0 0 0 0 0
37 63 1 1 0 0 0 0 0 0 0 0 0 0
fl=./elf/../elf/dl-sysdep.c
fn=_dl_sysdep_start
85 10 1 1 0 0 0 6 0 0 0 0 0 0
86 1 0 0 0 0 0 0 0 0 0 0 0 0
87 1 0 0 0 0 0 0 0 0 0 0 0 0
109 1 0 0 0 0 0 1 0 0 0 0 0 0
110 114 1 1 36 5 5 4 3 3 35 10 0 0
113 2 0 0 0 0 0 1 1 1 0 0 0 0
114 1 0 0 0 0 0 1 0 0 0 0 0 0
119 1 1 1 0 0 0 1 1 1 0 0 0 0
121 132 4 4 31 3 3 10 1 1 32 17 0 0
122 113 1 1 17 3 3 0 0 0 20 3 17 13
125 1 0 0 1 0 0 0 0 0 0 0 0 0
126 1 0 0 0 0 0 0 0 0 0 0 0 0
128 1 0 0 1 0 0 0 0 0 0 0 0 0
131 2 1 1 1 0 0 1 0 0 0 0 0 0
132 1 0 0 0 0 0 1 0 0 0 0 0 0
134 2 1 1 1 0 0 1 0 0 0 0 0 0
135 1 0 0 0 0 0 1 0 0 0 0 0 0
150 2 1 1 1 0 0 1 0 0 0 0 0 0
151 1 0 0 0 0 0 1 0 0 0 0 0 0
153 2 0 0 1 0 0 1 0 0 0 0 0 0
154 1 0 0 0 0 0 0 0 0 0 0 0 0
156 2 1 1 1 0 0 1 0 0 0 0 0 0
157 1 0 0 0 0 0 0 0 0 0 0 0 0
162 2 1 1 1 1 1 1 0 0 0 0 0 0
163 1 0 0 0 0 0 0 0 0 0 0 0 0
178 2 1 1 1 1 1 1 0 0 0 0 0 0
179 1 0 0 0 0 0 0 0 0 0 0 0 0
224 1 0 0 0 0 0 1 0 0 0 0 0 0
227 1 0 0 0 0 0 1 0 0 0 0 0 0
238 3 0 0 1 0 0 0 0 0 1 0 0 0
239 2 1 1 0 0 0 2 0 0 0 0 0 0
241 5 0 0 0 0 0 1 0 0 1 0 0 0
253 3 0 0 1 0 0 0 0 0 1 0 0 0
256 5 0 0 1 0 0 1 0 0 0 0 1 1
fl=./elf/../elf/dl-tls.c
fn=_dl_count_modids
197 1 1 1 0 0 0 0 0 0 0 0 0 0
199 2 0 0 1 0 0 0 0 0 1 0 0 0
200 1 0 0 1 0 0 0 0 0 0 0 0 0
215 2 0 0 1 0 0 0 0 0 0 0 0 0
fl=./elf/../include/rtld-malloc.h
fn=__minimal_calloc
56 2 0 0 2 0 0 0 0 0 0 0 2 1
fn=_dl_exception_create
56 2 1 1 1 0 0 1 0 0 0 0 1 1
fn=_dl_important_hwcaps
56 3 1 1 2 0 0 3 0 0 0 0 2 2
fn=_dl_init_paths
56 5 0 0 3 0 0 3 0 0 0 0 3 3
fn=_dl_map_object_deps
56 2 0 0 1 0 0 1 0 0 0 0 1 1
fn=_dl_new_object
44 8 1 1 2 0 0 4 0 0 0 0 2 1
56 3 0 0 1 0 0 1 0 0 0 0 1 1
fn=fillin_rpath.isra.0
50 2 0 0 2 0 0 1 0 0 0 0 1 1
51 1 0 0 0 0 0 0 0 0 0 0 0 0
56 2 0 0 1 0 0 1 0 0 0 0 1 1
fn=open_verify.constprop.1
50 2 1 1 1 0 0 1 0 0 0 0 1 1
fl=./elf/../include/scratch_buffer.h
fn=_dl_map_object_deps
77 3 0 0 0 0 0 2 1 1 0 0 0 0
78 1 0 0 0 0 0 1 0 0 0 0 0 0
85 3 0 0 2 0 0 0 0 0 1 1 0 0
fl=./elf/../misc/sbrk.c
fn=sbrk
37 5 0 0 0 0 0 2 0 0 0 0 0 0
40 1 1 1 1 0 0 0 0 0 0 0 0 0
58 2 0 0 0 0 0 0 0 0 1 0 0 0
62 2 0 0 0 0 0 0 0 0 1 1 0 0
78 5 0 0 3 0 0 0 0 0 0 0 0 0
fl=./elf/../sysdeps/generic/_itoa.h
fn=_dl_debug_vdprintf
76 5 0 0 0 0 0 1 0 0 0 0 0 0
fl=./elf/../sysdeps/generic/dl-cache.h
fn=_dl_load_cache_lookup
194 1 0 0 1 0 0 0 0 0 0 0 0 0
195 5 0 0 0 0 0 0 0 0 1 1 0 0
fl=./elf/../sysdeps/generic/dl-debug.h
fn=dl_main
29 3 0 0 1 0 0 0 0 0 1 0 0 0
30 2 0 0 1 0 0 1 0 0 0 0 0 0
fl=./elf/../sysdeps/generic/ldsodefs.h
fn=_dl_start
80 3 0 0 2 0 0 0 0 0 0 0 0 0
fl=./elf/../sysdeps/nptl/dl-tls_init_tp.c
fn=__tls_pre_init_tp
53 3 1 1 0 0 0 0 0 0 0 0 0 0
56 10 1 1 0 0 0 3 1 1 0 0 0 0
61 2 0 0 0 0 0 1 0 0 0 0 0 0
62 1 0 0 0 0 0 1 0 0 0 0 0 0
64 1 0 0 1 0 0 0 0 0 0 0 0 0
fn=rtld_mutex_dummy
42 4 0 0 0 0 0 0 0 0 0 0 0 0
44 8 0 0 4 0 0 0 0 0 0 0 0 0
fl=./elf/../sysdeps/posix/dl-fileid.h
fn=_dl_map_object_from_fd
37 5 1 1 1 0 0 1 0 0 1 0 0 0
40 4 1 1 3 0 0 1 0 0 0 0 0 0
49 7 1 1 3 1 1 0 0 0 2 2 0 0
fl=./elf/../sysdeps/unix/sysv/linux/brk.c
fn=brk
35 1 1 1 0 0 0 0 0 0 0 0 0 0
36 3 0 0 0 0 0 1 1 1 0 0 0 0
37 2 0 0 0 0 0 0 0 0 1 0 0 0
43 1 0 0 0 0 0 0 0 0 0 0 0 0
44 1 0 0 1 0 0 0 0 0 0 0 0 0
fl=./elf/../sysdeps/unix/sysv/linux/dl-sysdep.c
fn=_dl_discover_osversion
46 5 1 1 0 0 0 3 0 0 0 0 0 0
48 3 0 0 1 0 0 0 0 0 1 1 0 0
88 4 1 1 0 0 0 1 1 1 1 0 0 0
103 1 0 0 0 0 0 0 0 0 0 0 0 0
107 1 0 0 0 0 0 0 0 0 0 0 0 0
108 1 0 0 0 0 0 0 0 0 0 0 0 0
110 12 1 1 3 1 1 0 0 0 3 0 0 0
112 6 0 0 0 0 0 0 0 0 0 0 0 0
114 26 0 0 6 0 0 0 0 0 6 2 0 0
116 3 0 0 0 0 0 0 0 0 0 0 0 0
117 12 0 0 0 0 0 0 0 0 0 0 0 0
120 3 1 1 0 0 0 0 0 0 0 0 0 0
121 3 0 0 0 0 0 0 0 0 0 0 0 0
122 3 0 0 0 0 0 0 0 0 0 0 0 0
124 15 0 0 0 0 0 0 0 0 6 2 0 0
133 5 0 0 4 0 0 0 0 0 0 0 0 0
fn=_dl_sysdep_start
36 2 0 0 0 0 0 1 0 0 0 0 0 0
fl=./elf/../sysdeps/unix/sysv/linux/dl-vdso-setup.h
fn=dl_main
30 3 1 1 0 0 0 2 0 0 0 0 0 0
33 1 1 1 0 0 0 1 0 0 0 0 0 0
36 1 0 0 0 0 0 1 0 0 0 0 0 0
39 1 0 0 0 0 0 1 0 0 0 0 0 0
45 1 1 1 0 0 0 1 0 0 0 0 0 0
fl=./elf/../sysdeps/unix/sysv/linux/dl-vdso.h
fn=dl_main
40 1 1 1 1 0 0 0 0 0 0 0 0 0
41 2 0 0 0 0 0 0 0 0 1 1 0 0
55 2 0 0 0 0 0 0 0 0 0 0 0 0
fl=./elf/../sysdeps/unix/sysv/linux/dl-writev.h
fn=_dl_debug_vdprintf
36 5 1 1 1 0 0 0 0 0 0 0 0 0
fl=./elf/../sysdeps/unix/sysv/linux/x86/cpu-features.c
fn=init_cpu_features.constprop.0
27 6 0 0 0 0 0 0 0 0 1 0 0 0
fl=./elf/../sysdeps/unix/sysv/linux/x86/dl-minsigstacksize.h
fn=get_common_indices.constprop.0
24 2 1 1 1 0 0 0 0 0 1 0 0 0
27 2 0 0 1 0 0 0 0 0 1 0 0 0
28 2 0 0 1 0 0 0 0 0 1 0 0 0
65 3 0 0 0 0 0 0 0 0 0 0 0 0
72 1 0 0 0 0 0 0 0 0 0 0 0 0
74 1 1 1 0 0 0 1 0 0 0 0 0 0
fl=./elf/../sysdeps/x86/cpu-features.c
fn=get_common_indices.constprop.0
325 1 1 1 0 0 0 1 0 0 0 0 0 0
329 4 0 0 0 0 0 0 0 0 1 0 0 0
332 5 1 1 0 0 0 3 0 0 0 0 0 0
336 1 0 0 0 0 0 1 0 0 0 0 0 0
337 4 0 0 0 0 0 1 0 0 0 0 0 0
338 4 0 0 0 0 0 1 0 0 0 0 0 0
339 4 0 0 0 0 0 1 0 0 0 0 0 0
340 3 0 0 0 0 0 1 0 0 0 0 0 0
341 2 0 0 1 0 0 0 0 0 1 0 0 0
348 2 1 1 1 0 0 0 0 0 1 0 0 0
350 9 0 0 0 0 0 4 1 1 0 0 0 0
355 8 0 0 0 0 0 4 1 1 0 0 0 0
362 2 1 1 1 0 0 0 0 0 1 0 0 0
363 7 1 1 0 0 0 4 1 1 0 0 0 0
369 2 0 0 1 0 0 0 0 0 1 1 0 0
384 2 0 0 2 0 0 0 0 0 0 0 0 0
fn=init_cpu_features.constprop.0
303 3 0 0 0 0 0 0 0 0 0 0 0 0
304 2 0 0 0 0 0 0 0 0 1 0 0 0
305 6 1 1 0 0 0 4 0 0 0 0 0 0
310 2 0 0 0 0 0 0 0 0 1 0 0 0
311 6 0 0 0 0 0 4 0 0 0 0 0 0
316 2 0 0 0 0 0 0 0 0 1 0 0 0
317 6 1 1 0 0 0 4 0 0 0 0 0 0
399 7 2 2 0 0 0 6 0 0 0 0 0 0
402 1 0 0 0 0 0 1 1 1 0 0 0 0
403 1 0 0 0 0 0 1 0 0 0 0 0 0
404 1 0 0 0 0 0 1 0 0 0 0 0 0
415 3 0 0 0 0 0 1 0 0 0 0 0 0
418 6 1 1 0 0 0 0 0 0 3 1 0 0
419 1 1 1 0 0 0 0 0 0 0 0 0 0
422 2 0 0 0 0 0 0 0 0 0 0 0 0
424 6 2 2 0 0 0 1 1 1 0 0 0 0
429 1 0 0 0 0 0 1 0 0 0 0 0 0
431 3 0 0 1 0 0 0 0 0 1 1 0 0
433 4 1 1 2 0 0 1 0 0 0 0 0 0
434 15 2 2 0 0 0 0 0 0 5 1 0 0
489 3 1 1 1 0 0 0 0 0 1 0 0 0
503 1 0 0 1 0 0 0 0 0 0 0 0 0
513 11 1 1 1 1 1 0 0 0 2 0 1 1
516 1 0 0 1 0 0 0 0 0 0 0 0 0
555 1 0 0 1 0 0 0 0 0 0 0 0 0
556 1 0 0 0 0 0 0 0 0 0 0 0 0
564 2 1 1 1 0 0 0 0 0 1 0 0 0
571 2 0 0 1 0 0 0 0 0 1 0 0 0
573 1 0 0 1 0 0 0 0 0 0 0 0 0
577 2 0 0 1 0 0 0 0 0 1 0 0 0
583 2 0 0 1 0 0 0 0 0 1 1 0 0
593 1 1 1 0 0 0 0 0 0 0 0 0 0
687 5 1 1 1 0 0 0 0 0 1 0 0 0
688 1 0 0 1 0 0 0 0 0 0 0 0 0
691 2 0 0 0 0 0 0 0 0 1 0 0 0
692 1 0 0 1 0 0 0 0 0 0 0 0 0
698 1 0 0 0 0 0 1 0 0 0 0 0 0
699 1 0 0 0 0 0 1 0 0 0 0 0 0
701 1 0 0 0 0 0 1 0 0 0 0 0 0
706 4 0 0 0 0 0 1 0 0 0 0 0 0
710 3 1 1 1 0 0 0 0 0 1 0 0 0
723 2 0 0 0 0 0 0 0 0 0 0 0 0
724 4 0 0 1 0 0 0 0 0 1 1 0 0
770 1 0 0 0 0 0 1 0 0 0 0 0 0
771 2 1 1 1 0 0 0 0 0 1 1 0 0
775 3 1 1 1 0 0 0 0 0 1 1 0 0
792 2 1 1 0 0 0 0 0 0 0 0 0 0
793 2 0 0 0 0 0 0 0 0 1 0 0 0
795 3 1 1 0 0 0 0 0 0 1 0 0 0
796 2 0 0 1 0 0 0 0 0 0 0 0 0
798 3 0 0 0 0 0 0 0 0 1 0 0 0
799 2 0 0 0 0 0 0 0 0 0 0 0 0
802 2 0 0 0 0 0 1 0 0 0 0 0 0
817 4 1 1 0 0 0 1 0 0 0 0 0 0
819 4 0 0 0 0 0 1 0 0 0 0 0 0
829 2 1 1 1 0 0 0 0 0 0 0 0 0
874 8 0 0 7 0 0 0 0 0 0 0 0 0
fn=update_active.constprop.0
43 7 1 1 0 0 0 6 1 1 0 0 0 0
47 1 0 0 1 0 0 0 0 0 0 0 0 0
55 3 0 0 1 0 0 0 0 0 0 0 0 0
56 3 0 0 0 0 0 0 0 0 0 0 0 0
57 1 0 0 1 0 0 0 0 0 0 0 0 0
65 4 1 1 1 0 0 1 0 0 0 0 0 0
66 1 0 0 1 0 0 0 0 0 0 0 0 0
74 4 1 1 1 0 0 1 0 0 0 0 0 0
75 1 0 0 1 0 0 0 0 0 0 0 0 0
76 3 0 0 0 0 0 1 0 0 0 0 0 0
80 4 0 0 0 0 0 1 0 0 0 0 0 0
83 3 0 0 1 0 0 0 0 0 0 0 0 0
84 1 0 0 1 0 0 0 0 0 0 0 0 0
87 3 0 0 1 0 0 0 0 0 0 0 0 0
88 2 0 0 1 0 0 1 1 1 0 0 0 0
92 8 1 1 1 0 0 2 0 0 0 0 0 0
93 3 0 0 2 0 0 0 0 0 0 0 0 0
94 3 1 1 2 0 0 0 0 0 0 0 0 0
95 1 0 0 1 0 0 0 0 0 0 0 0 0
97 4 0 0 1 0 0 1 0 0 0 0 0 0
98 3 1 1 2 1 1 0 0 0 0 0 0 0
100 2 0 0 0 0 0 0 0 0 1 0 0 0
101 4 0 0 0 0 0 1 0 0 0 0 0 0
104 4 0 0 0 0 0 1 0 0 0 0 0 0
105 4 1 1 0 0 0 1 0 0 0 0 0 0
109 2 0 0 0 0 0 0 0 0 1 0 0 0
113 2 0 0 0 0 0 0 0 0 0 0 0 0
115 4 0 0 0 0 0 0 0 0 1 1 0 0
119 2 1 1 0 0 0 0 0 0 1 0 0 0
121 1 0 0 0 0 0 0 0 0 0 0 0 0
124 2 1 1 0 0 0 0 0 0 1 1 0 0
126 2 0 0 0 0 0 1 0 0 0 0 0 0
130 1 0 0 0 0 0 0 0 0 0 0 0 0
131 1 0 0 1 1 1 0 0 0 0 0 0 0
134 4 0 0 0 0 0 1 0 0 0 0 0 0
140 4 0 0 0 0 0 1 0 0 0 0 0 0
142 4 1 1 2 0 0 1 0 0 0 0 0 0
144 3 0 0 0 0 0 1 0 0 0 0 0 0
149 4 0 0 0 0 0 0 0 0 1 1 0 0
198 3 0 0 0 0 0 0 0 0 1 0 0 0
210 2 0 0 0 0 0 1 0 0 0 0 0 0
211 1 0 0 1 0 0 0 0 0 0 0 0 0
214 4 1 1 1 0 0 1 0 0 0 0 0 0
218 2 0 0 1 0 0 0 0 0 1 1 0 0
222 3 1 1 0 0 0 0 0 0 0 0 0 0
223 2 0 0 0 0 0 0 0 0 1 0 0 0
225 1 0 0 0 0 0 0 0 0 0 0 0 0
226 1 0 0 0 0 0 0 0 0 0 0 0 0
229 2 0 0 0 0 0 1 0 0 0 0 0 0
231 1 0 0 0 0 0 1 0 0 0 0 0 0
234 2 0 0 0 0 0 0 0 0 1 1 0 0
285 3 0 0 1 0 0 0 0 0 1 1 0 0
289 3 0 0 1 0 0 0 0 0 1 1 0 0
296 1 0 0 0 0 0 1 0 0 0 0 0 0
297 8 0 0 7 0 0 0 0 0 0 0 0 0
fl=./elf/../sysdeps/x86/dl-cacheinfo.h
fn=get_common_cache_info.constprop.0
481 9 1 1 0 0 0 6 0 0 0 0 0 0
496 1 0 0 1 0 0 0 0 0 0 0 0 0
497 1 0 0 1 0 0 0 0 0 0 0 0 0
498 2 0 0 1 0 0 1 0 0 0 0 0 0
499 1 0 0 1 0 0 0 0 0 0 0 0 0
505 1 0 0 0 0 0 1 0 0 0 0 0 0
507 8 1 1 3 0 0 2 0 0 0 0 0 0
510 4 1 1 0 0 0 2 0 0 1 0 0 0
521 1 0 0 0 0 0 0 0 0 0 0 0 0
526 3 0 0 1 0 0 0 0 0 1 0 0 0
530 2 0 0 0 0 0 0 0 0 1 1 0 0
535 6 1 1 1 0 0 1 0 0 1 1 0 0
538 23 2 2 0 0 0 0 0 0 1 0 0 0
545 8 0 0 0 0 0 0 0 0 4 0 0 0
548 26 0 0 0 0 0 0 0 0 4 1 0 0
553 2 1 1 0 0 0 0 0 0 1 0 0 0
557 3 0 0 0 0 0 0 0 0 0 0 0 0
558 1 0 0 0 0 0 0 0 0 0 0 0 0
562 6 0 0 0 0 0 0 0 0 3 2 0 0
566 3 0 0 0 0 0 0 0 0 0 0 0 0
569 4 0 0 0 0 0 1 0 0 0 0 0 0
570 1 0 0 0 0 0 0 0 0 0 0 0 0
575 4 0 0 0 0 0 0 0 0 2 2 0 0
581 4 0 0 0 0 0 0 0 0 1 0 0 0
589 7 0 0 1 0 0 0 0 0 0 0 0 0
591 2 0 0 0 0 0 0 0 0 1 0 0 0
593 5 0 0 0 0 0 0 0 0 2 1 0 0
595 12 1 1 0 0 0 0 0 0 1 1 0 0
597 1 0 0 0 0 0 0 0 0 0 0 0 0
598 1 0 0 0 0 0 0 0 0 0 0 0 0
599 9 0 0 1 0 0 0 0 0 2 0 0 0
601 4 1 1 0 0 0 0 0 0 2 1 0 0
604 2 0 0 0 0 0 0 0 0 1 0 0 0
609 1 0 0 0 0 0 0 0 0 0 0 0 0
611 5 0 0 0 0 0 0 0 0 0 0 0 0
612 3 0 0 0 0 0 0 0 0 0 0 0 0
613 1 1 1 0 0 0 0 0 0 0 0 0 0
616 2 0 0 0 0 0 0 0 0 0 0 0 0
619 2 1 1 0 0 0 0 0 0 1 0 0 0
626 1 0 0 0 0 0 0 0 0 0 0 0 0
628 4 0 0 0 0 0 0 0 0 0 0 0 0
629 1 0 0 0 0 0 0 0 0 0 0 0 0
634 2 1 1 0 0 0 0 0 0 0 0 0 0
639 2 0 0 0 0 0 0 0 0 1 0 0 0
640 1 0 0 0 0 0 0 0 0 0 0 0 0
641 2 0 0 0 0 0 0 0 0 1 0 0 0
642 3 0 0 0 0 0 0 0 0 0 0 0 0
643 2 0 0 1 0 0 0 0 0 1 0 0 0
681 4 1 1 0 0 0 0 0 0 2 0 0 0
682 5 0 0 0 0 0 0 0 0 0 0 0 0
686 2 0 0 1 0 0 0 0 0 1 1 0 0
693 1 0 0 0 0 0 1 0 0 0 0 0 0
694 1 0 0 0 0 0 1 0 0 0 0 0 0
695 7 0 0 7 0 0 0 0 0 0 0 0 0
fn=handle_intel.constprop.0
250 96 0 0 0 0 0 72 0 0 0 0 0 0
255 24 1 1 12 0 0 0 0 0 12 0 0 0
261 24 0 0 0 0 0 12 1 1 0 0 0 0
263 12 0 0 0 0 0 12 0 0 0 0 0 0
264 36 1 1 0 0 0 12 0 0 0 0 0 0
266 15 0 0 1 0 0 0 0 0 1 0 0 0
272 60 0 0 0 0 0 12 0 0 0 0 0 0
277 24 0 0 0 0 0 0 0 0 12 0 0 0
279 24 0 0 0 0 0 12 0 0 0 0 0 0
280 12 0 0 0 0 0 0 0 0 0 0 0 0
284 48 1 1 0 0 0 12 0 0 0 0 0 0
286 24 0 0 0 0 0 0 0 0 12 0 0 0
289 60 0 0 0 0 0 12 0 0 0 0 0 0
291 24 0 0 0 0 0 0 0 0 12 11 0 0
294 5 0 0 0 0 0 1 0 0 0 0 0 0
296 2 0 0 0 0 0 0 0 0 1 0 0 0
299 5 0 0 1 0 0 1 0 0 0 0 0 0
301 2 0 0 0 0 0 0 0 0 1 0 0 0
305 3 0 0 0 0 0 0 0 0 1 1 0 0
310 96 1 1 84 0 0 0 0 0 0 0 0 0
fn=init_cpu_features.constprop.0
706 1 0 0 0 0 0 1 0 0 0 0 0 0
708 1 1 1 0 0 0 1 0 0 0 0 0 0
722 2 0 0 0 0 0 0 0 0 1 1 0 0
724 5 1 1 0 0 0 3 1 1 0 0 0 0
725 3 0 0 0 0 0 1 0 0 0 0 0 0
726 4 1 1 0 0 0 2 0 0 0 0 0 0
729 3 0 0 0 0 0 2 0 0 0 0 0 0
731 3 0 0 0 0 0 2 0 0 0 0 0 0
732 1 0 0 0 0 0 1 0 0 0 0 0 0
734 3 0 0 0 0 0 2 0 0 0 0 0 0
736 3 0 0 0 0 0 2 0 0 0 0 0 0
737 1 0 0 0 0 0 1 0 0 0 0 0 0
739 3 1 1 0 0 0 2 0 0 0 0 0 0
741 3 0 0 0 0 0 2 0 0 0 0 0 0
744 3 0 0 0 0 0 2 0 0 0 0 0 0
746 3 0 0 0 0 0 1 0 0 0 0 0 0
748 3 1 1 0 0 0 2 0 0 0 0 0 0
750 4 0 0 0 0 0 1 0 0 0 0 0 0
840 18 3 3 10 0 0 6 2 2 0 0 0 0
863 15 1 1 2 0 0 1 0 0 0 0 0 0
885 2 0 0 1 0 0 0 0 0 1 1 0 0
886 1 0 0 1 0 0 0 0 0 0 0 0 0
893 11 2 2 0 0 0 0 0 0 0 0 0 0
910 4 1 1 1 0 0 0 0 0 0 0 0 0
923 4 0 0 1 0 0 1 0 0 0 0 0 0
931 5 0 0 1 0 0 1 0 0 0 0 0 0
933 2 1 1 0 0 0 0 0 0 1 1 0 0
936 5 0 0 1 0 0 1 0 0 0 0 0 0
938 4 0 0 1 0 0 1 0 0 0 0 0 0
941 5 1 1 1 0 0 1 0 0 0 0 0 0
942 5 0 0 0 0 0 1 0 0 1 0 0 0
946 6 1 1 1 0 0 2 0 0 0 0 0 0
947 3 0 0 1 0 0 0 0 0 1 1 0 0
953 8 0 0 3 0 0 2 0 0 0 0 0 0
956 15 2 2 1 0 0 6 0 0 0 0 0 0
957 9 1 1 1 0 0 4 0 0 0 0 0 0
958 12 1 1 1 0 0 5 0 0 0 0 0 0
961 8 0 0 0 0 0 4 0 0 0 0 0 0
963 8 1 1 0 0 0 4 0 0 0 0 0 0
967 7 1 1 4 0 0 3 0 0 0 0 0 0
970 1 0 0 0 0 0 0 0 0 0 0 0 0
fn=intel_check_word.constprop.0
110 690 0 0 345 8 8 0 0 0 345 8 0 0
113 345 0 0 0 0 0 0 0 0 345 31 0 0
119 104 0 0 0 0 0 78 0 0 0 0 0 0
123 78 1 1 0 0 0 0 0 0 26 0 0 0
125 15 0 0 0 0 0 0 0 0 0 0 0 0
129 156 0 0 0 0 0 0 0 0 0 0 0 0
131 154 1 1 0 0 0 0 0 0 77 4 0 0
133 63 1 1 0 0 0 0 0 0 0 0 0 0
135 126 0 0 0 0 0 0 0 0 63 0 0 0
143 126 0 0 0 0 0 0 0 0 63 2 0 0
152 54 1 1 0 0 0 0 0 0 21 7 0 0
155 120 2 2 0 0 0 0 0 0 0 0 0 0
158 99 0 0 0 0 0 0 0 0 33 1 0 0
162 64 0 0 0 0 0 0 0 0 0 0 0 0
164 186 0 0 0 0 0 0 0 0 39 14 0 0
166 84 0 0 0 0 0 0 0 0 24 6 0 0
168 44 0 0 0 0 0 0 0 0 11 5 0 0
169 32 0 0 0 0 0 0 0 0 8 3 0 0
170 10 0 0 0 0 0 0 0 0 5 3 0 0
172 11 1 1 0 0 0 0 0 0 0 0 0 0
174 22 0 0 0 0 0 0 0 0 11 4 0 0
176 12 1 1 0 0 0 0 0 0 0 0 0 0
177 16 0 0 0 0 0 0 0 0 0 0 0 0
178 12 1 1 0 0 0 0 0 0 0 0 0 0
179 20 0 0 0 0 0 0 0 0 0 0 0 0
180 14 0 0 0 0 0 0 0 0 7 3 0 0
181 12 1 1 0 0 0 0 0 0 0 0 0 0
183 8 0 0 0 0 0 0 0 0 4 0 0 0
184 12 0 0 0 0 0 0 0 0 0 0 0 0
187 21 0 0 0 0 0 0 0 0 0 0 0 0
194 204 0 0 0 0 0 0 0 0 51 7 0 0
202 200 0 0 50 0 0 0 0 0 0 0 0 0
216 51 0 0 0 0 0 0 0 0 0 0 0 0
246 104 0 0 104 0 0 0 0 0 0 0 0 0
fl=./elf/../sysdeps/x86/dl-get-cpu-features.c
fn=_dl_x86_init_cpu_features
37 1 1 1 0 0 0 0 0 0 0 0 0 0
39 3 0 0 1 0 0 0 0 0 1 1 0 0
41 1 1 1 0 0 0 0 0 0 0 0 0 0
fl=./elf/../sysdeps/x86/dl-hwcap.h
fn=_dl_important_hwcaps
57 3 0 0 0 0 0 0 0 0 0 0 0 0
fl=./elf/../sysdeps/x86/dl-procinfo.h
fn=_dl_load_cache_lookup
39 2 1 1 0 0 0 0 0 0 1 0 0 0
42 7 0 0 0 0 0 3 0 0 1 1 0 0
fl=./elf/../sysdeps/x86/dl-prop.h
fn=_dl_map_object_from_fd
95 8 0 0 4 0 0 0 0 0 4 1 0 0
100 1 0 0 0 0 0 0 0 0 0 0 0 0
101 2 0 0 0 0 0 1 0 0 0 0 0 0
102 1 1 1 0 0 0 1 0 0 0 0 0 0
103 1 0 0 0 0 0 0 0 0 0 0 0 0
105 7 0 0 0 0 0 0 0 0 2 1 0 0
108 3 1 1 1 0 0 0 0 0 1 0 0 0
109 2 0 0 1 0 0 0 0 0 1 0 0 0
110 2 0 0 1 0 0 0 0 0 1 0 0 0
114 3 0 0 1 0 0 0 0 0 1 0 0 0
118 3 0 0 0 0 0 1 0 0 0 0 0 0
121 3 1 1 1 0 0 0 0 0 0 0 0 0
122 2 0 0 0 0 0 0 0 0 1 0 0 0
126 1 0 0 0 0 0 0 0 0 0 0 0 0
127 4 0 0 0 0 0 1 0 0 0 0 0 0
131 2 1 1 1 0 0 0 0 0 0 0 0 0
132 1 0 0 1 0 0 0 0 0 0 0 0 0
135 2 0 0 0 0 0 0 0 0 1 0 0 0
138 1 0 0 0 0 0 0 0 0 0 0 0 0
139 4 0 0 0 0 0 0 0 0 1 0 0 0
144 2 1 1 0 0 0 0 0 0 0 0 0 0
146 4 0 0 0 0 0 0 0 0 1 1 0 0
151 2 0 0 0 0 0 0 0 0 1 0 0 0
164 2 0 0 0 0 0 0 0 0 1 1 0 0
165 3 0 0 1 1 1 1 0 0 0 0 0 0
185 3 0 0 0 0 0 0 0 0 0 0 0 0
187 4 0 0 0 0 0 0 0 0 1 1 0 0
192 1 0 0 0 0 0 0 0 0 0 0 0 0
193 4 0 0 0 0 0 0 0 0 0 0 0 0
198 4 0 0 1 0 0 0 0 0 1 0 0 0
200 4 0 0 1 0 0 1 0 0 0 0 0 0
201 1 0 0 0 0 0 1 0 0 0 0 0 0
203 1 0 0 0 0 0 1 0 0 0 0 0 0
212 3 0 0 2 0 0 0 0 0 0 0 0 0
213 1 0 0 1 0 0 0 0 0 0 0 0 0
fn=dl_main
95 4 0 0 2 0 0 0 0 0 2 1 0 0
105 2 0 0 0 0 0 1 0 0 0 0 0 0
212 2 0 0 2 0 0 0 0 0 0 0 0 0
213 1 0 0 1 0 0 0 0 0 0 0 0 0
fl=./elf/../sysdeps/x86/get-isa-level.h
fn=_dl_hwcaps_subdirs_active
30 2 0 0 0 0 0 0 0 0 1 1 0 0
31 3 1 1 1 0 0 0 0 0 0 0 0 0
32 3 0 0 1 0 0 0 0 0 1 0 0 0
36 3 0 0 0 0 0 0 0 0 1 0 0 0
39 4 0 0 1 0 0 0 0 0 1 0 0 0
40 4 1 1 1 0 0 0 0 0 1 0 0 0
45 4 0 0 0 0 0 0 0 0 1 0 0 0
48 2 0 0 0 0 0 0 0 0 1 0 0 0
49 3 0 0 1 0 0 0 0 0 1 0 0 0
51 4 1 1 0 0 0 0 0 0 1 0 0 0
52 2 0 0 0 0 0 0 0 0 1 0 0 0
53 2 0 0 0 0 0 0 0 0 1 0 0 0
56 2 0 0 0 0 0 0 0 0 1 1 0 0
59 2 0 0 0 0 0 0 0 0 0 0 0 0
fn=update_active.constprop.0
28 1 0 0 0 0 0 0 0 0 0 0 0 0
30 2 0 0 0 0 0 0 0 0 0 0 0 0
31 2 1 1 0 0 0 0 0 0 0 0 0 0
32 3 0 0 0 0 0 0 0 0 1 0 0 0
36 3 0 0 0 0 0 0 0 0 1 1 0 0
38 1 0 0 0 0 0 0 0 0 0 0 0 0
39 3 1 1 1 0 0 0 0 0 1 0 0 0
40 4 0 0 1 0 0 0 0 0 1 0 0 0
45 4 1 1 0 0 0 0 0 0 0 0 0 0
47 1 0 0 0 0 0 0 0 0 0 0 0 0
48 2 0 0 0 0 0 0 0 0 1 0 0 0
49 3 0 0 1 0 0 0 0 0 1 0 0 0
51 4 1 1 0 0 0 0 0 0 0 0 0 0
52 2 0 0 0 0 0 0 0 0 1 0 0 0
53 2 0 0 0 0 0 0 0 0 1 0 0 0
55 1 0 0 0 0 0 0 0 0 0 0 0 0
56 2 0 0 0 0 0 0 0 0 1 1 0 0
59 2 0 0 0 0 0 0 0 0 0 0 0 0
fl=./elf/../sysdeps/x86_64/dl-hwcaps-subdirs.c
fn=_dl_hwcaps_subdirs_active
29 1 1 1 0 0 0 0 0 0 0 0 0 0
38 3 0 0 0 0 0 0 0 0 0 0 0 0
43 1 0 0 0 0 0 0 0 0 0 0 0 0
48 1 0 0 0 0 0 0 0 0 0 0 0 0
52 1 0 0 1 0 0 0 0 0 0 0 0 0
fl=./elf/../sysdeps/x86_64/dl-machine.h
fn=_dl_start
45 1 0 0 0 0 0 0 0 0 0 0 0 0
71 1 0 0 1 0 0 0 0 0 0 0 0 0
287 21 0 0 0 0 0 0 0 0 7 0 0 0
296 70 1 1 28 7 7 0 0 0 14 0 0 0
299 14 0 0 0 0 0 0 0 0 7 0 0 0
326 47 2 2 0 0 0 0 0 0 27 7 0 0
346 12 1 1 6 1 1 6 2 2 0 0 0 0
347 6 0 0 0 0 0 0 0 0 0 0 0 0
414 1 1 1 0 0 0 0 0 0 0 0 0 0
534 284 0 0 142 18 18 0 0 0 142 0 0 0
535 426 0 0 142 18 18 142 20 20 0 0 0 0
fn=_dl_sysdep_start
215 1 0 0 0 0 0 1 0 0 0 0 0 0
fl=./elf/./dl-hwcaps.h
fn=_dl_important_hwcaps
54 12 2 2 3 0 0 6 0 0 0 0 0 0
56 8 0 0 2 0 0 6 0 0 0 0 0 0
57 1 0 0 0 0 0 0 0 0 0 0 0 0
88 9 1 1 4 0 0 5 0 0 0 0 0 0
89 8 0 0 3 0 0 5 0 0 0 0 0 0
90 6 0 0 0 0 0 0 0 0 0 0 0 0
fl=./elf/./dl-load.h
fn=_dl_map_object_from_fd
91 8 0 0 0 0 0 0 0 0 4 3 0 0
92 3 0 0 2 0 0 1 0 0 0 0 0 0
94 8 1 1 4 0 0 0 0 0 4 1 0 0
95 5 1 1 3 0 0 0 0 0 1 0 0 0
96 6 0 0 2 0 0 0 0 0 1 0 0 0
97 4 1 1 1 0 0 0 0 0 0 0 0 0
99 4 0 0 0 0 0 1 0 0 0 0 0 0
fl=./elf/./dl-main.h
fn=dl_main
109 5 1 1 4 0 0 1 0 0 0 0 0 0
fl=./elf/./dl-map-segments.h
fn=_dl_map_object_from_fd
28 3 0 0 2 0 0 0 0 0 1 0 0 0
29 9 1 1 4 0 0 2 0 0 0 0 0 0
96 2 0 0 1 0 0 0 0 0 0 0 0 0
102 1 0 0 0 0 0 1 0 0 0 0 0 0
103 3 0 0 1 0 0 0 0 0 1 0 0 0
106 3 1 1 1 0 0 1 0 0 0 0 0 0
107 2 0 0 0 0 0 1 0 0 0 0 0 0
109 2 0 0 1 0 0 0 0 0 1 1 0 0
126 1 1 1 1 0 0 0 0 0 0 0 0 0
128 1 0 0 0 0 0 0 0 0 0 0 0 0
136 20 0 0 0 0 0 0 0 0 4 1 0 0
138 12 0 0 6 0 0 0 0 0 3 0 0 0
140 33 1 1 12 0 0 6 0 0 3 3 0 0
141 3 0 0 3 0 0 0 0 0 0 0 0 0
150 16 0 0 8 0 0 0 0 0 4 3 0 0
156 1 0 0 1 0 0 0 0 0 0 0 0 0
157 1 0 0 1 0 0 0 0 0 0 0 0 0
158 5 0 0 1 0 0 0 0 0 0 0 0 0
159 2 0 0 0 0 0 0 0 0 0 0 0 0
166 2 1 1 0 0 0 0 0 0 1 0 0 0
169 2 0 0 0 0 0 0 0 0 1 0 0 0
177 7 0 0 0 0 0 3 0 0 0 0 0 0
178 2 0 0 2 0 0 0 0 0 0 0 0 0
183 2 0 0 0 0 0 0 0 0 1 0 0 0
195 4 1 1 0 0 0 0 0 0 0 0 0 0
fl=./elf/./dl-tunable-types.h
fn=__GI___tunable_set_val
90 10 0 0 0 0 0 0 0 0 0 0 0 0
fl=./elf/./elf/dl-audit.c
fn=_dl_audit_activity_map
28 6 1 1 0 0 0 4 0 0 0 0 0 0
29 1 0 0 1 0 0 0 0 0 0 0 0 0
30 3 1 1 1 0 0 0 0 0 1 1 0 0
36 6 1 1 5 0 0 0 0 0 0 0 0 0
fn=_dl_audit_objopen
76 1 1 1 0 0 0 0 0 0 0 0 0 0
77 4 0 0 2 0 0 0 0 0 1 0 0 0
fl=./elf/./elf/dl-cache.c
fn=_dl_cache_libcmp
370 27 1 1 0 0 0 0 0 0 0 0 0 0
371 91 1 1 9 0 0 0 0 0 41 7 0 0
373 123 0 0 0 0 0 0 0 0 41 0 0 0
375 41 0 0 0 0 0 0 0 0 0 0 0 0
383 32 0 0 32 0 0 0 0 0 0 0 0 0
385 32 0 0 32 1 1 0 0 0 0 0 0 0
393 82 0 0 0 0 0 0 0 0 41 0 0 0
395 82 0 0 0 0 0 0 0 0 41 9 0 0
396 27 1 1 9 0 0 0 0 0 0 0 0 0
399 32 0 0 0 0 0 0 0 0 0 0 0 0
400 32 0 0 0 0 0 0 0 0 0 0 0 0
403 9 0 0 9 9 9 0 0 0 0 0 0 0
fn=_dl_load_cache_lookup
194 18 0 0 0 0 0 0 0 0 0 0 0 0
208 1 0 0 1 0 0 0 0 0 0 0 0 0
212 8 2 2 1 0 0 3 0 0 0 0 0 0
218 2 0 0 1 0 0 1 0 0 0 0 0 0
221 5 0 0 0 0 0 0 0 0 0 0 0 0
228 21 0 0 4 0 0 1 0 0 10 5 0 0
230 27 0 0 9 0 0 0 0 0 0 0 0 0
231 18 0 0 9 8 8 0 0 0 0 0 0 0
235 18 0 0 9 0 0 0 0 0 9 0 0 0
239 27 1 1 0 0 0 9 0 0 0 0 0 0
240 18 0 0 0 0 0 0 0 0 9 0 0 0
359 9 0 0 0 0 0 0 0 0 9 5 0 0
360 4 0 0 0 0 0 0 0 0 0 0 0 0
362 10 0 0 0 0 0 5 0 0 0 0 0 0
416 10 1 1 0 0 0 6 0 0 0 0 0 0
418 2 0 0 1 0 0 0 0 0 1 0 0 0
421 3 1 1 1 0 0 0 0 0 1 1 0 0
424 5 1 1 0 0 0 1 0 0 0 0 0 0
432 5 1 1 1 0 0 0 0 0 2 0 0 0
433 8 0 0 3 1 1 0 0 0 2 0 0 0
436 7 1 1 0 0 0 0 0 0 1 0 0 0
437 1 0 0 1 0 0 0 0 0 0 0 0 0
444 1 1 1 0 0 0 1 0 0 0 0 0 0
445 2 0 0 0 0 0 1 0 0 0 0 0 0
492 1 0 0 0 0 0 0 0 0 0 0 0 0
495 3 0 0 1 0 0 0 0 0 1 0 0 0
498 3 0 0 1 0 0 1 1 1 0 0 0 0
528 8 0 0 7 0 0 0 0 0 0 0 0 0
fl=./elf/./elf/dl-debug.c
fn=_dl_debug_initialize
56 1 1 1 0 0 0 0 0 0 0 0 0 0
57 1 0 0 0 0 0 0 0 0 0 0 0 0
59 2 0 0 0 0 0 0 0 0 1 0 0 0
61 1 0 0 0 0 0 0 0 0 0 0 0 0
63 3 0 0 1 1 1 0 0 0 1 1 0 0
64 2 1 1 0 0 0 1 0 0 0 0 0 0
85 2 1 1 1 0 0 0 0 0 1 0 0 0
90 3 0 0 1 0 0 1 0 0 0 0 0 0
91 2 0 0 0 0 0 1 0 0 0 0 0 0
92 1 0 0 0 0 0 1 0 0 0 0 0 0
95 2 0 0 1 0 0 0 0 0 1 1 0 0
96 6 1 1 1 0 0 1 0 0 0 0 0 0
99 2 0 0 0 0 0 0 0 0 1 1 0 0
107 2 1 1 1 0 0 0 0 0 0 0 0 0
fn=_dl_debug_state
116 1 1 1 0 0 0 0 0 0 0 0 0 0
117 1 0 0 1 0 0 0 0 0 0 0 0 0
fn=_dl_debug_update
38 1 0 0 0 0 0 0 0 0 0 0 0 0
40 2 0 0 0 0 0 0 0 0 1 1 0 0
41 1 0 0 0 0 0 0 0 0 0 0 0 0
44 2 0 0 1 0 0 0 0 0 1 0 0 0
48 1 0 0 1 0 0 0 0 0 0 0 0 0
fl=./elf/./elf/dl-deps.c
fn=_dl_map_object_deps
144 6 1 1 0 0 0 3 1 1 0 0 0 0
145 8 0 0 0 0 0 2 0 0 0 0 0 0
146 5 1 1 0 0 0 0 0 0 0 0 0 0
148 3 0 0 0 0 0 1 0 0 0 0 0 0
152 8 0 0 2 0 0 2 0 0 0 0 0 0
159 15 2 2 0 0 0 7 1 1 0 0 0 0
160 22 2 2 1 1 1 2 0 0 2 2 0 0
176 7 0 0 0 0 0 0 0 0 2 0 0 0
177 1 0 0 1 0 0 0 0 0 0 0 0 0
180 1 0 0 0 0 0 1 0 0 0 0 0 0
198 2 0 0 1 0 0 1 0 0 0 0 0 0
200 2 1 1 0 0 0 2 0 0 0 0 0 0
202 1 0 0 0 0 0 0 0 0 0 0 0 0
204 1 1 1 1 0 0 0 0 0 0 0 0 0
206 1 0 0 0 0 0 0 0 0 0 0 0 0
209 1 0 0 0 0 0 1 0 0 0 0 0 0
213 4 0 0 1 0 0 1 1 1 1 1 0 0
214 4 2 2 2 0 0 0 0 0 2 1 0 0
224 2 1 1 1 0 0 0 0 0 1 1 0 0
226 5 2 2 3 0 0 1 0 0 1 1 0 0
231 2 0 0 1 0 0 1 0 0 0 0 0 0
232 1 0 0 0 0 0 1 0 0 0 0 0 0
233 2 1 1 1 0 0 1 0 0 0 0 0 0
237 6 0 0 3 0 0 1 0 0 1 0 0 0
238 3 0 0 0 0 0 0 0 0 1 0 0 0
244 9 2 2 2 0 0 1 0 0 1 1 0 0
246 1 0 0 0 0 0 1 0 0 0 0 0 0
248 4 1 1 0 0 0 1 0 0 0 0 0 0
249 2 1 1 1 0 0 0 0 0 1 1 0 0
251 4 1 1 1 0 0 1 0 0 1 1 0 0
298 1 0 0 0 0 0 1 0 0 0 0 0 0
464 3 0 0 1 0 0 0 0 0 1 1 0 0
468 4 1 1 1 0 0 1 0 0 1 1 0 0
479 3 1 1 1 0 0 0 0 0 0 0 0 0
481 2 0 0 0 0 0 0 0 0 1 0 0 0
486 5 0 0 2 0 0 1 0 0 0 0 0 0
487 1 0 0 0 0 0 1 0 0 0 0 0 0
488 4 0 0 1 0 0 0 0 0 0 0 0 0
490 12 1 1 2 0 0 1 0 0 3 1 0 0
494 2 0 0 2 0 0 0 0 0 0 0 0 0
499 4 1 1 0 0 0 0 0 0 2 1 0 0
501 5 0 0 0 0 0 2 0 0 0 0 0 0
506 2 0 0 2 0 0 0 0 0 0 0 0 0
509 2 0 0 1 0 0 0 0 0 1 0 0 0
560 2 1 1 0 0 0 0 0 0 0 0 0 0
561 3 1 1 1 0 0 0 0 0 1 1 0 0
598 3 1 1 1 0 0 0 0 0 1 0 0 0
599 2 0 0 0 0 0 0 0 0 1 1 0 0
602 1 0 0 1 0 0 0 0 0 0 0 0 0
613 5 0 0 0 0 0 1 0 0 0 0 0 0
618 8 1 1 1 0 0 1 0 0 0 0 0 0
619 4 1 1 2 0 0 0 0 0 0 0 0 0
623 1 0 0 0 0 0 1 0 0 0 0 0 0
625 1 0 0 0 0 0 1 0 0 0 0 0 0
626 1 0 0 1 0 0 0 0 0 0 0 0 0
627 2 0 0 0 0 0 0 0 0 1 1 0 0
634 3 0 0 1 0 0 0 0 0 1 1 0 0
637 3 0 0 1 0 0 0 0 0 1 1 0 0
638 6 2 2 2 0 0 1 0 0 1 1 0 0
fn=openaux
61 3 0 0 0 0 0 1 0 0 0 0 0 0
64 10 1 1 4 0 0 1 0 0 0 0 0 0
65 1 0 0 1 0 0 0 0 0 0 0 0 0
68 1 0 0 1 0 0 0 0 0 0 0 0 0
fl=./elf/./elf/dl-environ.c
fn=_dl_next_ld_env_entry
28 3 1 1 0 0 0 0 0 0 0 0 0 0
29 3 0 0 3 0 0 0 0 0 0 0 0 0
32 106 0 0 35 0 0 0 0 0 35 2 0 0
34 68 0 0 34 0 0 0 0 0 34 17 0 0
35 18 1 1 9 0 0 0 0 0 9 6 0 0
37 2 0 0 0 0 0 0 0 0 0 0 0 0
40 4 0 0 0 0 0 2 0 0 0 0 0 0
42 2 0 0 2 0 0 0 0 0 0 0 0 0
45 32 0 0 0 0 0 0 0 0 0 0 0 0
49 1 0 0 1 0 0 0 0 0 0 0 0 0
fl=./elf/./elf/dl-error-skeleton.c
fn=_dl_catch_error
225 10 1 1 0 0 0 3 0 0 0 0 0 0
227 2 0 0 0 0 0 1 0 0 0 0 0 0
228 2 0 0 1 0 0 1 0 0 0 0 0 0
229 2 0 0 1 0 0 1 0 0 0 0 0 0
230 2 1 1 1 0 0 1 0 0 0 0 0 0
232 5 0 0 4 0 0 0 0 0 0 0 0 0
fn=_dl_catch_exception
175 12 2 2 0 0 0 8 2 2 0 0 0 0
178 4 0 0 0 0 0 0 0 0 2 0 0 0
180 4 0 0 2 0 0 2 0 0 0 0 0 0
199 2 0 0 0 0 0 2 0 0 0 0 0 0
200 4 0 0 0 0 0 2 0 0 0 0 0 0
203 4 0 0 0 0 0 2 0 0 0 0 0 0
206 18 0 0 0 0 0 2 1 1 3 1 0 0
208 6 1 1 4 0 0 2 0 0 0 0 2 2
209 2 0 0 1 0 0 1 0 0 0 0 0 0
210 4 0 0 1 0 0 2 0 0 0 0 0 0
217 2 1 1 1 0 0 1 0 0 0 0 0 0
218 2 0 0 1 0 0 0 0 0 0 0 0 0
219 8 0 0 4 0 0 0 0 0 0 0 0 0
fn=_dl_signal_error
109 7 1 1 0 0 0 2 0 0 0 0 0 0
110 1 0 0 1 0 0 0 0 0 0 0 0 0
113 3 1 1 0 0 0 0 0 0 0 0 0 0
115 2 0 0 0 0 0 0 0 0 1 0 0 0
117 2 0 0 1 0 0 1 0 0 0 0 0 0
118 2 0 0 1 0 0 1 0 0 0 0 0 0
121 3 0 0 0 0 0 1 0 0 0 0 0 0
fn=_dl_signal_exception
91 4 1 1 0 0 0 1 0 0 0 0 0 0
92 1 0 0 1 0 0 0 0 0 0 0 0 0
93 2 0 0 0 0 0 0 0 0 1 1 0 0
102 3 0 0 2 0 0 1 0 0 0 0 0 0
fn=fatal_error
76 8 2 2 0 0 0 2 0 0 0 0 0 0
78 22 0 0 2 0 0 3 0 0 1 1 0 0
79 2 0 0 2 0 0 0 0 0 0 0 0 0
84 4 1 1 0 0 0 2 1 1 0 0 0 0
fl=./elf/./elf/dl-exception.c
fn=_dl_exception_create
72 1 0 0 1 0 0 0 0 0 0 0 0 0
73 5 0 0 1 0 0 0 0 0 1 0 0 0
78 1 0 0 0 0 0 1 0 0 0 0 0 0
84 16 2 2 0 0 0 7 0 0 0 0 0 0
85 2 0 0 0 0 0 0 0 0 1 0 0 0
87 4 0 0 0 0 0 1 0 0 0 0 0 0
88 3 0 0 0 0 0 1 0 0 0 0 0 0
89 1 0 0 0 0 0 0 0 0 0 0 0 0
90 2 0 0 0 0 0 0 0 0 1 1 0 0
93 12 1 1 0 0 0 3 0 0 0 0 0 0
101 8 0 0 7 0 0 0 0 0 0 0 0 0
fl=./elf/./elf/dl-hwcaps.c
fn=_dl_important_hwcaps
55 16 2 2 0 0 0 4 0 0 4 2 0 0
57 2 0 0 0 0 0 0 0 0 0 0 0 0
58 6 0 0 2 0 0 0 0 0 0 0 0 0
59 2 0 0 0 0 0 0 0 0 0 0 0 0
80 16 2 2 0 0 0 4 0 0 4 2 0 0
82 2 0 0 0 0 0 2 1 1 0 0 0 0
83 16 0 0 4 0 0 8 1 1 0 0 0 0
87 2 0 0 0 0 0 2 0 0 0 0 0 0
89 6 0 0 2 0 0 2 0 0 0 0 0 0
90 2 0 0 0 0 0 0 0 0 0 0 0 0
91 2 0 0 0 0 0 0 0 0 0 0 0 0
103 6 0 0 0 0 0 4 0 0 0 0 0 0
105 2 1 1 0 0 0 0 0 0 1 0 0 0
108 3 0 0 2 0 0 1 0 0 0 0 0 0
111 1 0 0 0 0 0 0 0 0 0 0 0 0
115 4 1 1 0 0 0 1 0 0 1 0 0 0
128 12 1 1 0 0 0 3 0 0 3 2 0 0
130 12 1 1 5 0 0 3 0 0 0 0 0 0
131 8 0 0 2 0 0 2 0 0 0 0 0 0
132 2 0 0 0 0 0 0 0 0 0 0 0 0
133 2 0 0 0 0 0 0 0 0 0 0 0 0
136 2 0 0 1 0 0 0 0 0 1 0 0 0
145 15 1 1 6 0 0 2 0 0 2 0 0 0
146 4 0 0 0 0 0 0 0 0 1 0 0 0
154 2 0 0 2 0 0 0 0 0 0 0 0 0
158 7 1 1 2 0 0 1 0 0 0 0 0 0
159 2 0 0 0 0 0 0 0 0 1 0 0 0
160 3 0 0 0 0 0 0 0 0 1 0 0 0
164 1 0 0 1 0 0 0 0 0 0 0 0 0
165 3 0 0 1 0 0 1 0 0 0 0 0 0
166 2 0 0 0 0 0 2 0 0 0 0 0 0
175 14 2 2 0 0 0 10 1 1 0 0 0 0
176 7 0 0 1 0 0 2 2 2 0 0 0 0
178 2 0 0 1 0 0 1 0 0 0 0 0 0
179 4 0 0 1 0 0 1 0 0 0 0 0 0
204 2 0 0 0 0 0 2 0 0 0 0 0 0
205 3 1 1 0 0 0 0 0 0 0 0 0 0
215 3 0 0 1 0 0 1 0 0 0 0 0 0
216 6 1 1 2 0 0 1 0 0 0 0 0 0
220 19 0 0 3 0 0 0 0 0 3 1 0 0
221 6 0 0 0 0 0 0 0 0 0 0 0 0
222 4 0 0 0 0 0 0 0 0 0 0 0 0
225 3 0 0 0 0 0 1 0 0 0 0 0 0
228 21 3 3 1 0 0 3 0 0 2 2 0 0
230 9 1 1 2 0 0 0 0 0 1 1 0 0
231 4 1 1 2 0 0 2 1 1 2 1 0 0
233 6 0 0 0 0 0 3 1 1 0 0 0 0
234 2 0 0 0 0 0 2 0 0 0 0 0 0
235 6 0 0 0 0 0 0 0 0 0 0 0 0
236 2 0 0 1 0 0 0 0 0 0 0 0 0
238 3 0 0 1 0 0 0 0 0 1 0 0 0
240 4 0 0 0 0 0 1 0 0 0 0 0 0
241 2 1 1 1 0 0 1 0 0 0 0 0 0
242 1 0 0 0 0 0 0 0 0 0 0 0 0
245 5 0 0 1 0 0 1 0 0 0 0 0 0
246 1 0 0 0 0 0 1 0 0 0 0 0 0
249 2 0 0 1 0 0 0 0 0 1 0 0 0
252 3 0 0 1 0 0 0 0 0 1 0 0 0
253 5 1 1 3 0 0 1 0 0 0 0 0 0
256 8 0 0 6 0 0 1 0 0 0 0 0 0
257 3 0 0 1 0 0 0 0 0 1 1 0 0
259 2 1 1 0 0 0 0 0 0 0 0 0 0
260 8 2 2 1 0 0 0 0 0 2 2 0 0
261 4 1 1 2 0 0 0 0 0 0 0 0 0
262 4 1 1 1 0 0 1 0 0 1 0 0 0
272 4 0 0 1 0 0 0 0 0 0 0 0 0
276 10 1 1 3 0 0 3 1 1 0 0 0 0
282 2 0 0 0 0 0 0 0 0 0 0 0 0
283 2 0 0 0 0 0 0 0 0 1 0 0 0
291 3 0 0 1 0 0 0 0 0 0 0 0 0
304 2 0 0 1 0 0 0 0 0 1 0 0 0
306 1 0 0 0 0 0 1 0 0 0 0 0 0
315 2 0 0 1 0 0 1 0 0 0 0 0 0
328 1 1 1 0 0 0 1 0 0 0 0 0 0
331 2 0 0 1 0 0 0 0 0 1 0 0 0
338 1 0 0 1 0 0 0 0 0 0 0 0 0
341 2 0 0 0 0 0 0 0 0 0 0 0 0
344 14 1 1 7 0 0 5 0 0 0 0 0 0
347 17 0 0 4 0 0 2 0 0 2 1 0 0
348 17 2 2 1 0 0 1 0 0 2 1 0 0
349 5 0 0 2 0 0 2 0 0 0 0 0 0
352 12 0 0 4 0 0 4 0 0 0 0 0 0
354 5 1 1 1 0 0 0 0 0 2 1 0 0
359 34 1 1 3 0 0 0 0 0 9 7 0 0
360 8 0 0 0 0 0 8 1 1 0 0 0 0
364 23 0 0 1 0 0 0 0 0 0 0 0 0
367 48 0 0 0 0 0 0 0 0 12 10 0 0
368 72 0 0 0 0 0 0 0 0 24 10 0 0
369 48 1 1 24 0 0 12 0 0 0 0 0 0
371 9 0 0 0 0 0 0 0 0 3 2 0 0
374 3 0 0 1 0 0 0 0 0 0 0 0 0
375 2 1 1 0 0 0 0 0 0 0 0 0 0
376 15 0 0 2 0 0 1 0 0 3 1 0 0
378 6 0 0 0 0 0 0 0 0 2 1 0 0
379 2 0 0 2 0 0 0 0 0 0 0 0 0
381 1 1 1 1 0 0 0 0 0 0 0 0 0
382 7 1 1 0 0 0 2 0 0 0 0 0 0
389 22 0 0 6 0 0 5 0 0 0 0 0 0
390 4 0 0 0 0 0 0 0 0 0 0 0 0
392 8 0 0 0 0 0 0 0 0 4 3 0 0
395 4 0 0 2 0 0 0 0 0 0 0 0 0
401 9 0 0 8 0 0 0 0 0 0 0 0 0
fl=./elf/./elf/dl-hwcaps_split.c
fn=_dl_hwcaps_contains
66 6 1 1 0 0 0 0 0 0 0 0 0 0
67 12 0 0 0 0 0 0 0 0 6 4 0 0
68 6 0 0 0 0 0 0 0 0 0 0 0 0
77 6 0 0 6 0 0 0 0 0 0 0 0 0
fn=_dl_hwcaps_split
25 4 1 1 0 0 0 2 0 0 0 0 0 0
26 3 0 0 1 0 0 0 0 0 1 1 0 0
27 1 0 0 0 0 0 0 0 0 0 0 0 0
47 4 1 1 3 0 0 0 0 0 0 0 0 0
fn=_dl_hwcaps_split_masked
26 42 0 0 14 0 0 0 0 0 14 2 0 0
30 24 0 0 12 0 0 12 0 0 0 0 0 0
34 72 1 1 18 1 1 0 0 0 18 6 0 0
35 12 0 0 0 0 0 6 0 0 0 0 0 0
36 24 0 0 0 0 0 0 0 0 12 3 0 0
41 27 0 0 0 0 0 9 0 0 0 0 0 0
42 18 0 0 0 0 0 0 0 0 9 3 0 0
43 9 0 0 0 0 0 3 0 0 0 0 0 0
45 6 0 0 0 0 0 0 0 0 0 0 0 0
51 55 1 1 0 0 0 22 0 0 0 0 0 0
55 5 1 1 0 0 0 0 0 0 0 0 0 0
56 18 0 0 9 0 0 9 0 0 0 0 0 0
57 27 0 0 0 0 0 9 0 0 0 0 0 0
58 54 0 0 6 0 0 6 0 0 15 6 0 0
62 44 0 0 33 0 0 0 0 0 0 0 0 0
fl=./elf/./elf/dl-load.c
fn=_dl_dst_count
238 6 1 1 0 0 0 5 1 1 0 0 0 0
241 2 0 0 0 0 0 1 0 0 0 0 0 0
244 2 0 0 0 0 0 0 0 0 1 0 0 0
245 1 1 1 0 0 0 0 0 0 0 0 0 0
264 7 0 0 6 0 0 0 0 0 0 0 0 0
fn=_dl_init_paths
706 13 1 1 0 0 0 8 0 0 0 0 0 0
720 4 1 1 0 0 0 2 1 1 0 0 0 0
725 1 0 0 0 0 0 1 0 0 0 0 0 0
727 2 0 0 0 0 0 0 0 0 1 0 0 0
734 5 0 0 0 0 0 0 0 0 0 0 0 0
735 2 1 1 1 0 0 0 0 0 0 0 0 0
739 4 0 0 0 0 0 1 1 1 0 0 0 0
741 4 0 0 2 0 0 0 0 0 1 0 0 0
747 1 0 0 0 0 0 1 0 0 0 0 0 0
748 1 1 1 0 0 0 1 0 0 0 0 0 0
756 8 0 0 0 0 0 4 0 0 0 0 0 0
758 8 0 0 0 0 0 4 1 1 0 0 0 0
759 4 0 0 0 0 0 4 1 1 0 0 0 0
761 5 0 0 0 0 0 4 0 0 0 0 0 0
762 7 0 0 3 1 1 4 1 1 0 0 0 0
763 7 1 1 0 0 0 0 0 0 0 0 0 0
766 9 0 0 3 1 1 0 0 0 3 0 0 0
767 10 0 0 5 0 0 1 0 0 4 3 0 0
768 18 0 0 0 0 0 4 0 0 0 0 0 0
770 26 3 3 6 0 0 6 0 0 4 1 0 0
776 1 0 0 0 0 0 1 0 0 0 0 0 0
777 1 0 0 0 0 0 1 0 0 0 0 0 0
782 1 0 0 1 0 0 0 0 0 0 0 0 0
785 3 0 0 0 0 0 0 0 0 0 0 0 0
787 4 0 0 1 0 0 0 0 0 1 0 0 0
789 3 1 1 1 0 0 0 0 0 1 1 0 0
806 1 0 0 0 0 0 1 0 0 0 0 0 0
808 3 2 2 1 0 0 0 0 0 1 1 0 0
822 2 1 1 0 0 0 1 0 0 0 0 0 0
825 5 1 1 2 0 0 0 0 0 2 1 0 0
827 23 1 1 2 0 0 2 0 0 2 2 0 0
831 2 0 0 0 0 0 0 0 0 0 0 0 0
832 60 1 1 15 0 0 0 0 0 15 10 0 0
833 14 0 0 0 0 0 0 0 0 0 0 0 0
834 28 0 0 0 0 0 0 0 0 0 0 0 0
836 1 0 0 0 0 0 1 0 0 0 0 0 0
837 1 0 0 0 0 0 0 0 0 0 0 0 0
838 2 1 1 0 0 0 0 0 0 1 0 0 0
844 6 0 0 1 0 0 1 0 0 0 0 0 0
847 3 0 0 2 0 0 0 0 0 1 0 0 0
853 1 0 0 0 0 0 1 0 0 0 0 0 0
857 8 0 0 7 0 0 0 0 0 0 0 0 0
fn=_dl_map_object
682 9 1 1 3 0 0 0 0 0 3 3 0 0
696 5 0 0 1 0 0 2 0 0 0 0 0 0
2022 20 1 1 0 0 0 16 5 5 0 0 0 0
2024 2 0 0 0 0 0 2 0 0 0 0 0 0
2030 4 0 0 0 0 0 0 0 0 2 0 0 0
2031 8 1 1 2 1 1 0 0 0 2 0 0 0
2034 31 0 0 7 0 0 0 0 0 7 4 0 0
2039 35 1 1 10 0 0 0 0 0 5 0 0 0
2041 25 0 0 0 0 0 5 0 0 5 0 0 0
2045 10 0 0 5 0 0 0 0 0 5 0 0 0
2046 15 0 0 5 0 0 0 0 0 5 2 0 0
2049 10 0 0 6 0 0 0 0 0 2 2 0 0
2050 6 1 1 2 0 0 0 0 0 0 0 0 0
2051 8 0 0 0 0 0 2 0 0 2 2 0 0
2068 14 2 2 4 0 0 2 0 0 2 0 0 0
2069 6 0 0 0 0 0 2 0 0 0 0 0 0
2077 6 0 0 2 0 0 0 0 0 2 0 0 0
2092 2 0 0 0 0 0 2 2 2 0 0 0 0
2094 10 0 0 0 0 0 2 0 0 2 1 0 0
2098 4 1 1 0 0 0 2 0 0 0 0 0 0
2100 2 0 0 1 0 0 0 0 0 1 0 0 0
2107 4 0 0 1 0 0 0 0 0 2 1 0 0
2111 2 1 1 1 0 0 1 0 0 0 0 0 0
2112 1 1 1 0 0 0 0 0 0 0 0 0 0
2116 3 0 0 1 0 0 0 0 0 1 1 0 0
2117 1 0 0 0 0 0 0 0 0 0 0 0 0
2131 5 1 1 2 0 0 0 0 0 1 0 0 0
2132 10 1 1 2 0 0 1 0 0 2 0 0 0
2133 1 0 0 0 0 0 0 0 0 0 0 0 0
2142 2 1 1 0 0 0 0 0 0 1 1 0 0
2157 3 1 1 1 0 0 0 0 0 1 0 0 0
2158 14 1 1 1 0 0 4 0 0 1 1 0 0
2164 5 1 1 1 0 0 0 0 0 2 0 0 0
2165 1 0 0 0 0 0 0 0 0 0 0 0 0
2173 1 1 1 0 0 0 1 0 0 0 0 0 0
2187 2 0 0 0 0 0 0 0 0 1 0 0 0
2189 3 0 0 1 0 0 0 0 0 1 0 0 0
2193 3 1 1 0 0 0 1 0 0 0 0 0 0
2195 2 0 0 0 0 0 0 0 0 1 1 0 0
2244 1 1 1 0 0 0 0 0 0 0 0 0 0
2245 2 0 0 0 0 0 0 0 0 1 0 0 0
2246 2 0 0 1 0 0 0 0 0 1 0 0 0
2247 3 0 0 1 0 0 0 0 0 1 0 0 0
2248 15 0 0 1 0 0 4 0 0 0 0 0 0
2252 2 1 1 1 0 0 0 0 0 1 1 0 0
2258 1 0 0 0 0 0 1 0 0 0 0 0 0
2259 4 1 1 0 0 0 1 0 0 0 0 0 0
2260 2 0 0 0 0 0 0 0 0 1 0 0 0
2261 3 0 0 0 0 0 0 0 0 1 0 0 0
2265 6 0 0 0 0 0 2 0 0 0 0 0 0
2268 3 1 1 1 0 0 0 0 0 1 0 0 0
2280 8 0 0 2 0 0 0 0 0 0 0 0 0
2282 2 0 0 0 0 0 0 0 0 1 1 0 0
2284 3 1 1 1 0 0 0 0 0 1 1 0 0
2316 2 1 1 1 0 0 0 0 0 1 1 0 0
2322 5 1 1 1 0 0 1 0 0 0 0 0 0
2326 2 0 0 1 0 0 1 0 0 0 0 0 0
2327 15 1 1 3 0 0 5 0 0 0 0 0 0
2329 9 0 0 7 0 0 0 0 0 0 0 0 0
fn=_dl_map_object_from_fd
944 14 2 2 0 0 0 11 2 2 0 0 0 0
954 3 0 0 1 0 0 2 1 1 0 0 0 0
961 4 0 0 1 0 0 1 1 1 1 1 0 0
999 13 0 0 4 0 0 0 0 0 3 2 0 0
1000 4 0 0 2 0 0 0 0 0 2 0 0 0
1018 2 1 1 1 0 0 0 0 0 1 1 0 0
1046 4 1 1 1 0 0 1 0 0 1 0 0 0
1056 2 0 0 1 0 0 0 0 0 1 0 0 0
1063 8 1 1 5 0 0 1 0 0 0 0 0 0
1064 2 0 0 0 0 0 0 0 0 1 0 0 0
1075 3 0 0 2 0 0 1 1 1 0 0 0 0
1076 4 0 0 2 0 0 2 0 0 0 0 0 0
1077 2 1 1 1 0 0 1 0 0 0 0 0 0
1079 3 0 0 0 0 0 0 0 0 0 0 0 0
1080 4 0 0 2 0 0 0 0 0 1 0 0 0
1081 2 0 0 0 0 0 1 0 0 0 0 0 0
1096 2 0 0 0 0 0 1 0 0 0 0 0 0
1098 1 0 0 0 0 0 1 0 0 0 0 0 0
1100 22 2 2 2 0 0 1 0 0 2 1 0 0
1101 1 0 0 0 0 0 0 0 0 0 0 0 0
1102 1 0 0 0 0 0 1 0 0 0 0 0 0
1103 1 1 1 0 0 0 1 0 0 0 0 0 0
1104 1 0 0 0 0 0 0 0 0 0 0 0 0
1110 38 1 1 1 0 0 0 0 0 12 0 0 0
1111 96 2 2 11 0 0 0 0 0 48 18 0 0
1117 2 1 1 1 0 0 0 0 0 1 0 0 0
1124 2 0 0 1 0 0 1 0 0 0 0 0 0
1125 3 0 0 1 0 0 1 0 0 0 0 0 0
1126 10 1 1 2 0 0 1 0 0 0 0 0 0
1137 27 0 0 9 0 0 1 0 0 4 0 0 0
1145 8 0 0 0 0 0 0 0 0 0 0 0 0
1146 30 0 0 0 0 0 5 3 3 0 0 0 0
1147 12 1 1 4 0 0 0 0 0 0 0 0 0
1148 12 0 0 0 0 0 4 0 0 0 0 0 0
1149 8 1 1 4 0 0 4 0 0 0 0 0 0
1151 28 0 0 4 0 0 0 0 0 0 0 0 0
1153 8 0 0 4 0 0 4 0 0 0 0 0 0
1157 8 0 0 0 0 0 0 0 0 4 1 0 0
1158 15 0 0 6 0 0 3 0 0 0 0 0 0
1162 8 1 1 0 0 0 0 0 0 0 0 0 0
1163 32 0 0 4 0 0 4 1 1 0 0 0 0
1173 4 0 0 0 0 0 0 0 0 0 0 0 0
1195 2 0 0 1 0 0 1 0 0 0 0 0 0
1201 5 1 1 1 0 0 1 0 0 0 0 0 0
1209 2 1 1 1 0 0 1 0 0 0 0 0 0
1210 1 0 0 0 0 0 0 0 0 0 0 0 0
1213 4 0 0 2 0 0 1 1 1 0 0 0 0
1218 3 0 0 0 0 0 0 0 0 1 0 0 0
1228 18 0 0 0 0 0 0 0 0 4 3 0 0
1229 8 0 0 0 0 0 4 0 0 0 0 0 0
1235 2 1 1 0 0 0 0 0 0 1 0 0 0
1245 4 0 0 2 0 0 0 0 0 2 0 0 0
1252 7 1 1 3 0 0 1 0 0 0 0 0 0
1268 4 2 2 2 0 0 0 0 0 1 0 0 0
1269 3 0 0 1 0 0 1 0 0 0 0 0 0
1275 2 0 0 0 0 0 0 0 0 0 0 0 0
1276 2 0 0 0 0 0 0 0 0 1 1 0 0
1278 2 1 1 0 0 0 0 0 0 1 1 0 0
1288 3 0 0 1 0 0 0 0 0 1 0 0 0
1307 3 0 0 1 0 0 1 0 0 0 0 0 0
1309 5 1 1 2 0 0 0 0 0 1 0 0 0
1361 3 0 0 1 1 1 0 0 0 1 1 0 0
1368 35 1 1 14 0 0 3 0 0 12 1 0 0
1369 51 0 0 11 9 9 0 0 0 20 13 0 0
1375 15 1 1 1 0 0 1 0 0 0 0 0 0
1380 4 1 1 1 0 0 1 0 0 1 0 0 0
1393 2 0 0 1 0 0 0 0 0 1 0 0 0
1395 4 0 0 2 0 0 1 0 0 0 0 0 0
1397 2 1 1 1 0 0 0 0 0 1 0 0 0
1413 2 0 0 0 0 0 1 0 0 0 0 0 0
1417 2 0 0 1 0 0 0 0 0 1 0 0 0
1418 2 0 0 1 0 0 0 0 0 1 0 0 0
1435 2 0 0 1 0 0 0 0 0 1 0 0 0
1436 1 0 0 0 0 0 1 0 0 0 0 0 0
1439 2 1 1 1 0 0 1 0 0 0 0 0 0
1444 2 0 0 1 0 0 0 0 0 1 0 0 0
1454 2 0 0 1 0 0 0 0 0 1 0 0 0
1461 6 0 0 2 0 0 0 0 0 1 1 0 0
1462 3 1 1 1 0 0 0 0 0 1 1 0 0
1471 2 1 1 1 0 0 0 0 0 1 1 0 0
1484 3 0 0 1 0 0 1 0 0 0 0 0 0
1487 4 0 0 2 0 0 0 0 0 1 1 0 0
1506 5 2 2 2 0 0 0 0 0 1 1 0 0
1510 7 1 1 3 0 0 0 0 0 1 0 0 0
1511 4 0 0 1 0 0 1 0 0 0 0 0 0
1515 9 1 1 7 0 0 0 0 0 0 0 0 0
fn=_dl_process_pt_gnu_property
868 2 1 1 0 0 0 0 0 0 0 0 0 0
869 2 1 1 2 0 0 0 0 0 0 0 0 0
870 1 0 0 1 0 0 0 0 0 0 0 0 0
876 2 0 0 1 0 0 0 0 0 1 0 0 0
882 5 0 0 0 0 0 0 0 0 1 0 0 0
885 3 0 0 1 1 1 0 0 0 1 0 0 0
886 2 0 0 1 0 0 0 0 0 1 0 0 0
887 2 0 0 1 0 0 0 0 0 1 0 0 0
930 1 0 0 1 0 0 0 0 0 0 0 0 0
fn=expand_dynamic_string_token
241 6 1 1 0 0 0 2 0 0 0 0 0 0
244 4 0 0 0 0 0 0 0 0 2 0 0 0
385 18 1 1 0 0 0 12 0 0 0 0 0 0
399 4 0 0 0 0 0 0 0 0 0 0 0 0
410 14 0 0 12 0 0 0 0 0 0 0 0 0
fn=fillin_rpath.isra.0
468 15 2 2 0 0 0 11 0 0 0 0 0 0
472 1 0 0 0 0 0 0 0 0 0 0 0 0
474 12 0 0 2 0 0 2 0 0 2 1 0 0
481 2 0 0 1 0 0 0 0 0 1 0 0 0
483 4 0 0 1 0 0 1 0 0 0 0 0 0
487 2 0 0 0 0 0 0 0 0 1 0 0 0
492 3 1 1 0 0 0 1 0 0 0 0 0 0
493 2 0 0 0 0 0 0 0 0 1 1 0 0
500 5 0 0 1 0 0 0 0 0 2 2 0 0
505 4 1 1 0 0 0 2 0 0 0 0 0 0
509 15 1 1 5 0 0 0 0 0 5 2 0 0
510 8 0 0 4 0 0 0 0 0 4 4 0 0
528 6 2 2 1 0 0 1 0 0 1 1 0 0
532 3 1 1 2 0 0 0 0 0 0 0 0 0
534 2 0 0 0 0 0 0 0 0 1 0 0 0
538 1 0 0 0 0 0 1 0 0 0 0 0 0
539 2 0 0 1 0 0 0 0 0 0 0 0 0
540 4 0 0 0 0 0 2 0 0 0 0 0 0
541 1 0 0 0 0 0 1 0 0 0 0 0 0
543 2 1 1 1 0 0 0 0 0 1 1 0 0
549 4 0 0 1 0 0 0 0 0 0 0 0 0
550 28 2 2 1 0 0 0 0 0 7 2 0 0
551 9 0 0 0 0 0 4 0 0 0 0 0 0
553 2 0 0 1 0 0 1 0 0 0 0 0 0
554 3 0 0 1 0 0 0 0 0 1 1 0 0
555 1 0 0 0 0 0 1 0 0 0 0 0 0
561 2 0 0 1 0 0 1 0 0 0 0 0 0
562 2 0 0 0 0 0 1 0 0 0 0 0 0
565 2 1 1 0 0 0 1 0 0 0 0 0 0
571 1 0 0 0 0 0 1 0 0 0 0 0 0
574 8 0 0 7 0 0 0 0 0 0 0 0 0
fn=open_path
1870 28 2 2 2 0 0 22 3 3 0 0 0 0
1871 4 0 0 2 0 0 2 0 0 0 0 0 0
1874 2 0 0 0 0 0 2 0 0 0 0 0 0
1875 4 1 1 0 0 0 4 0 0 0 0 0 0
1877 4 0 0 0 0 0 0 0 0 2 0 0 0
1882 42 2 2 6 0 0 0 0 0 4 4 0 0
1885 10 0 0 10 0 0 0 0 0 0 0 0 0
1889 5 0 0 0 0 0 5 0 0 0 0 0 0
1894 30 1 1 5 0 0 5 0 0 5 0 0 0
1901 25 0 0 10 0 0 5 1 1 0 0 0 0
1902 315 2 2 55 0 0 0 0 0 55 2 0 0
1905 100 0 0 50 0 0 0 0 0 50 0 0 0
1910 600 1 1 250 0 0 100 0 0 0 0 0 0
1913 100 0 0 0 0 0 50 0 0 0 0 0 0
1919 150 0 0 50 0 0 0 0 0 50 0 0 0
1922 350 1 1 150 0 0 50 0 0 0 0 0 0
1924 150 0 0 50 0 0 0 0 0 50 0 0 0
1926 100 0 0 0 0 0 0 0 0 50 2 0 0
1931 100 1 1 0 0 0 0 0 0 50 0 0 0
1932 350 0 0 150 0 0 0 0 0 50 0 0 0
1938 150 1 1 100 0 0 50 0 0 0 0 0 0
1940 300 0 0 50 0 0 50 0 0 50 2 0 0
1941 10 0 0 5 1 1 0 0 0 0 0 0 0
1943 190 1 1 5 0 0 55 0 0 0 0 0 0
1960 25 0 0 0 0 0 5 0 0 0 0 0 0
1988 2 0 0 0 0 0 0 0 0 0 0 0 0
1991 40 2 2 10 0 0 0 0 0 10 0 0 0
1996 10 0 0 10 0 0 0 0 0 0 0 0 0
1998 20 0 0 15 0 0 0 0 0 5 3 0 0
2001 6 0 0 2 0 0 0 0 0 2 0 0 0
2015 18 0 0 14 0 0 0 0 0 0 0 0 0
fn=open_verify.constprop.0
1568 550 1 1 0 0 0 300 0 0 0 0 0 0
1607 150 0 0 50 0 0 0 0 0 50 0 0 0
1612 100 1 1 0 0 0 0 0 0 0 0 0 0
1626 250 0 0 0 0 0 50 1 1 0 0 0 0
1628 100 1 1 0 0 0 0 0 0 50 2 0 0
1856 450 1 1 350 0 0 0 0 0 0 0 0 0
fn=open_verify.constprop.1
1568 11 1 1 0 0 0 6 0 0 0 0 0 0
1607 3 1 1 1 0 0 0 0 0 1 0 0 0
1626 5 0 0 0 0 0 1 1 1 0 0 0 0
1628 2 0 0 0 0 0 0 0 0 1 0 0 0
1633 1 0 0 0 0 0 0 0 0 0 0 0 0
1639 1 0 0 0 0 0 1 0 0 0 0 0 0
1640 1 0 0 0 0 0 1 1 1 0 0 0 0
1645 10 1 1 1 0 0 2 0 0 0 0 0 0
1647 2 0 0 0 0 0 0 0 0 1 0 0 0
1649 2 0 0 1 0 0 1 0 0 0 0 0 0
1651 2 0 0 0 0 0 0 0 0 1 0 0 0
1657 2 0 0 0 0 0 0 0 0 1 0 0 0
1674 14 2 2 5 0 0 0 0 0 5 1 0 0
1748 2 0 0 1 0 0 0 0 0 1 0 0 0
1753 2 0 0 1 0 0 0 0 0 1 0 0 0
1755 4 1 1 1 0 0 0 0 0 1 0 0 0
1761 2 0 0 1 0 0 0 0 0 1 0 0 0
1767 5 0 0 1 1 1 0 0 0 0 0 0 0
1768 4 0 0 1 0 0 0 0 0 1 0 0 0
1769 2 0 0 1 0 0 0 0 0 0 0 0 0
1789 70 1 1 0 0 0 0 0 0 12 1 0 0
1790 28 1 1 13 7 7 0 0 0 13 7 0 0
1791 8 0 0 2 1 1 0 0 0 2 0 0 0
1795 8 0 0 4 0 0 0 0 0 2 2 0 0
1796 6 1 1 2 0 0 0 0 0 0 0 0 0
1820 15 1 1 4 2 2 0 0 0 2 2 0 0
1822 2 0 0 0 0 0 0 0 0 0 0 0 0
1823 18 1 1 6 0 0 0 0 0 0 0 0 0
1826 6 0 0 0 0 0 0 0 0 2 2 0 0
1832 4 1 1 2 0 0 0 0 0 0 0 0 0
1856 9 0 0 7 0 0 0 0 0 0 0 0 0
fl=./elf/./elf/dl-minimal-malloc.c
fn=__minimal_calloc
78 10 2 2 0 0 0 0 0 0 0 0 0 0
82 2 0 0 0 0 0 0 0 0 0 0 0 0
85 2 0 0 0 0 0 0 0 0 0 0 0 0
86 6 0 0 0 0 0 0 0 0 2 2 0 0
fn=__minimal_free
95 2 0 0 0 0 0 0 0 0 0 0 0 0
97 8 1 1 4 0 0 0 0 0 2 0 0 0
fn=__minimal_malloc
35 65 1 1 0 0 0 26 1 1 0 0 0 0
36 39 0 0 13 1 1 0 0 0 13 1 0 0
41 3 0 0 0 0 0 1 0 0 0 0 0 0
42 2 1 1 1 0 0 0 0 0 0 0 0 0
43 2 0 0 0 0 0 0 0 0 0 0 0 0
47 52 1 1 13 0 0 13 0 0 0 0 0 0
50 87 0 0 0 0 0 0 0 0 25 1 0 0
55 4 1 1 1 0 0 0 0 0 0 0 0 0
56 4 0 0 0 0 0 0 0 0 1 0 0 0
58 1 0 0 0 0 0 0 0 0 0 0 0 0
59 8 0 0 0 0 0 1 0 0 0 0 0 0
61 2 0 0 0 0 0 0 0 0 1 0 0 0
63 2 0 0 1 0 0 0 0 0 1 0 0 0
65 3 0 0 0 0 0 1 0 0 0 0 0 0
68 13 0 0 0 0 0 13 1 1 0 0 0 0
69 14 0 0 0 0 0 13 0 0 0 0 0 0
71 52 0 0 39 0 0 0 0 0 0 0 0 0
fl=./elf/./elf/dl-minimal.c
fn=__rtld_malloc_init_stubs
42 1 1 1 0 0 0 0 0 0 0 0 0 0
43 2 0 0 0 0 0 1 1 1 0 0 0 0
44 2 0 0 0 0 0 1 0 0 0 0 0 0
45 2 1 1 0 0 0 1 0 0 0 0 0 0
46 2 0 0 0 0 0 1 0 0 0 0 0 0
47 1 0 0 1 0 0 0 0 0 0 0 0 0
fn=__strerror_r
123 1 1 0 0 0 0 0 0 0 0 0 0 0
126 7 1 1 1 1 1 0 0 0 1 0 1 1
135 1 1 1 0 0 0 0 0 0 0 0 0 0
136 1 0 0 1 0 0 0 0 0 0 0 0 0
fn=strsep
239 2 1 1 0 0 0 0 0 0 0 0 0 0
242 4 0 0 2 1 1 0 0 0 2 0 0 0
244 2 0 0 2 0 0 0 0 0 0 0 0 0
245 4 0 0 0 0 0 0 0 0 2 1 0 0
249 77 1 1 15 0 0 0 0 0 15 4 0 0
254 56 0 0 28 0 0 0 0 0 28 7 0 0
256 84 0 0 28 1 1 0 0 0 28 3 0 0
264 14 0 0 0 0 0 0 0 0 0 0 0 0
267 1 0 0 0 0 0 1 0 0 0 0 0 0
271 4 0 0 2 0 0 0 0 0 0 0 0 0
fl=./elf/./elf/dl-misc.c
fn=_dl_name_match_p
68 30 1 1 0 0 0 10 1 1 0 0 0 0
69 20 0 0 5 0 0 5 0 0 5 0 0 0
72 5 0 0 5 0 0 0 0 0 0 0 0 0
74 24 0 0 0 0 0 0 0 0 12 9 0 0
75 35 1 1 7 0 0 7 0 0 7 6 0 0
80 7 0 0 7 0 0 0 0 0 0 0 0 0
82 5 0 0 0 0 0 0 0 0 0 0 0 0
83 20 0 0 15 0 0 0 0 0 0 0 0 0
fn=_dl_sysdep_read_whole_file
36 9 1 1 0 0 0 4 0 0 0 0 0 0
39 3 0 0 0 0 0 1 0 0 0 0 0 0
40 2 0 0 0 0 0 0 0 0 1 1 0 0
42 6 1 1 0 0 0 1 0 0 1 0 0 0
44 2 0 0 1 0 0 1 1 1 0 0 0 0
47 2 0 0 0 0 0 0 0 0 1 1 0 0
49 8 0 0 0 0 0 1 0 0 0 0 0 0
60 3 0 0 0 0 0 1 0 0 0 0 0 0
63 7 0 0 5 0 0 0 0 0 0 0 0 0
fl=./elf/./elf/dl-object.c
fn=_dl_add_to_namespace_list
31 12 2 2 0 0 0 6 0 0 0 0 0 0
33 6 0 0 2 0 0 2 0 0 0 0 2 1
35 15 0 0 2 0 0 0 0 0 2 1 0 0
38 8 0 0 2 0 0 0 0 0 2 1 0 0
40 1 0 0 0 0 0 1 0 0 0 0 0 0
42 1 0 0 0 0 0 1 0 0 0 0 0 0
45 2 0 0 0 0 0 1 0 0 0 0 0 0
46 6 1 1 2 0 0 0 0 0 0 0 0 0
47 4 0 0 2 0 0 2 0 0 0 0 0 0
48 4 0 0 0 0 0 2 0 0 0 0 0 0
50 4 0 0 2 0 0 0 0 0 0 0 2 1
51 6 0 0 6 0 0 0 0 0 0 0 0 0
fn=_dl_new_object
59 28 1 1 0 0 0 16 3 3 0 0 0 0
62 4 1 1 0 0 0 0 0 0 2 1 0 0
64 2 2 2 0 0 0 0 0 0 1 1 0 0
66 3 0 0 1 0 0 0 0 0 1 0 0 0
67 2 1 1 0 0 0 0 0 0 1 0 0 0
71 2 0 0 0 0 0 0 0 0 0 0 0 0
77 5 0 0 0 0 0 1 0 0 0 0 0 0
80 2 0 0 1 0 0 1 0 0 0 0 0 0
83 4 0 0 0 0 0 1 0 0 0 0 0 0
87 2 0 0 0 0 0 0 0 0 0 0 0 0
92 3 0 0 0 0 0 2 0 0 0 0 0 0
95 4 0 0 0 0 0 0 0 0 2 0 0 0
98 2 0 0 0 0 0 2 2 2 0 0 0 0
99 2 0 0 0 0 0 2 2 2 0 0 0 0
100 4 0 0 2 0 0 0 0 0 0 0 0 0
103 4 0 0 0 0 0 2 0 0 0 0 0 0
104 14 1 1 4 0 0 6 1 1 0 0 0 0
106 2 0 0 0 0 0 2 0 0 0 0 0 0
119 6 0 0 3 0 0 0 0 0 3 2 0 0
125 1 0 0 0 0 0 0 0 0 0 0 0 0
127 14 1 1 4 2 2 4 0 0 0 0 0 0
130 4 0 0 2 0 0 0 0 0 2 2 0 0
131 5 1 1 0 0 0 2 2 2 0 0 0 0
132 2 0 0 0 0 0 2 0 0 0 0 0 0
136 2 0 0 0 0 0 2 0 0 0 0 0 0
139 63 1 1 3 0 0 0 0 0 19 11 0 0
141 16 0 0 0 0 0 16 4 4 0 0 0 0
149 4 1 1 0 0 0 2 0 0 0 0 0 0
150 2 0 0 0 0 0 2 2 2 0 0 0 0
153 1 1 1 0 0 0 0 0 0 0 0 0 0
155 12 0 0 2 1 1 0 0 0 2 1 0 0
157 4 0 0 0 0 0 1 1 1 0 0 0 0
160 6 0 0 0 0 0 0 0 0 2 0 0 0
164 4 0 0 1 0 0 0 0 0 1 0 0 0
168 6 1 1 1 0 0 0 0 0 2 2 0 0
176 2 1 1 0 0 0 1 0 0 0 0 0 0
179 4 0 0 0 0 0 2 1 1 0 0 0 0
189 6 0 0 2 0 0 0 0 0 2 1 0 0
191 5 1 1 0 0 0 3 0 0 0 0 0 0
195 3 0 0 0 0 0 0 0 0 1 0 0 0
200 4 0 0 0 0 0 0 0 0 1 0 0 0
208 1 0 0 0 0 0 0 0 0 0 0 0 0
212 1 0 0 0 0 0 0 0 0 0 0 0 0
245 4 0 0 1 0 0 1 0 0 0 0 0 0
250 62 0 0 0 0 0 0 0 0 0 0 0 0
251 62 0 0 31 0 0 0 0 0 31 9 0 0
253 2 0 0 0 0 0 0 0 0 0 0 0 0
256 1 0 0 0 0 0 1 0 0 0 0 0 0
259 1 0 0 0 0 0 1 0 0 0 0 0 0
263 18 1 1 14 0 0 0 0 0 0 0 0 0
fl=./elf/./elf/dl-printf.c
fn=_dl_debug_vdprintf
36 9 1 1 0 0 0 7 1 1 0 0 0 0
39 2 1 1 0 0 0 0 0 0 0 0 0 0
40 2 0 0 0 0 0 0 0 0 0 0 0 0
43 27 1 1 9 1 1 0 0 0 9 7 0 0
47 16 0 0 0 0 0 0 0 0 8 0 0 0
66 3 0 0 0 0 0 1 1 1 0 0 0 0
73 85 1 1 5 1 1 0 0 0 19 14 0 0
74 5 0 0 0 0 0 0 0 0 0 0 0 0
77 16 1 1 0 0 0 0 0 0 8 0 0 0
78 41 0 0 0 0 0 8 3 3 3 0 0 0
79 6 0 0 0 0 0 3 0 0 0 0 0 0
81 21 0 0 0 0 0 0 0 0 8 2 0 0
84 7 0 0 0 0 0 0 0 0 0 0 0 0
85 7 0 0 0 0 0 0 0 0 0 0 0 0
86 7 0 0 0 0 0 0 0 0 0 0 0 0
92 28 1 1 7 0 0 0 0 0 7 0 0 0
100 14 0 0 0 0 0 0 0 0 7 0 0 0
107 14 0 0 0 0 0 0 0 0 7 0 0 0
116 28 0 0 0 0 0 0 0 0 7 4 0 0
124 14 2 2 0 0 0 0 0 0 7 4 0 0
186 105 3 3 28 0 0 35 0 0 7 2 0 0
187 49 0 0 7 0 0 14 0 0 0 0 0 0
188 14 0 0 7 0 0 0 0 0 0 0 0 0
190 7 1 1 0 0 0 0 0 0 0 0 0 0
191 14 0 0 7 0 0 0 0 0 0 0 0 0
202 14 0 0 0 0 0 0 0 0 0 0 0 0
204 3 0 0 0 0 0 0 0 0 1 0 0 0
223 1 0 0 0 0 0 0 0 0 0 0 0 0
224 8 0 0 7 0 0 0 0 0 0 0 0 0
fn=_dl_fatal_printf
284 12 2 2 1 0 0 6 0 0 1 1 0 0
287 6 0 0 0 0 0 4 0 0 0 0 0 0
288 5 1 1 0 0 0 1 0 0 0 0 0 0
290 2 1 1 0 0 0 1 0 0 0 0 0 0
fl=./elf/./elf/dl-setup_hash.c
fn=_dl_setup_hash
25 6 1 1 0 0 0 0 0 0 0 0 0 0
28 9 1 1 3 0 0 0 0 0 3 0 0 0
31 9 0 0 6 0 0 0 0 0 3 0 0 0
32 6 0 0 3 2 2 3 1 1 0 0 0 0
33 3 0 0 3 0 0 0 0 0 0 0 0 0
34 3 0 0 3 0 0 0 0 0 0 0 0 0
36 9 0 0 0 0 0 0 0 0 3 0 0 0
37 3 0 0 0 0 0 3 0 0 0 0 0 0
38 9 0 0 3 0 0 3 0 0 0 0 0 0
40 12 1 1 0 0 0 3 0 0 0 0 0 0
41 6 0 0 0 0 0 0 0 0 0 0 0 0
45 9 0 0 0 0 0 3 0 0 0 0 0 0
50 3 0 0 3 0 0 0 0 0 0 0 0 0
fl=./elf/./elf/dl-sort-maps.c
fn=_dl_sort_maps
145 10 0 0 2 0 0 2 0 0 2 0 0 0
186 1 0 0 0 0 0 0 0 0 0 0 0 0
187 10 0 0 0 0 0 0 0 0 3 1 0 0
188 4 0 0 4 0 0 0 0 0 0 0 0 0
223 19 3 3 1 0 0 0 0 0 2 1 0 0
228 2 0 0 0 0 0 1 0 0 0 0 0 0
230 1 0 0 0 0 0 1 0 0 0 0 0 0
231 8 0 0 0 0 0 0 0 0 0 0 0 0
233 3 0 0 0 0 0 0 0 0 1 0 0 0
235 2 1 1 2 0 0 0 0 0 0 0 0 0
238 4 0 0 2 0 0 0 0 0 2 1 0 0
256 2 0 0 1 0 0 0 0 0 1 1 0 0
269 1 1 1 0 0 0 0 0 0 0 0 0 0
276 5 1 1 0 0 0 1 0 0 0 0 0 0
290 11 2 1 0 0 0 7 0 0 0 0 0 0
298 3 0 0 1 0 0 0 0 0 1 1 0 0
302 9 2 2 7 0 0 0 0 0 0 0 0 0
fn=_dl_sort_maps_init
281 2 1 1 0 0 0 0 0 0 0 0 0 0
282 4 0 0 0 0 0 1 0 0 0 0 0 0
283 1 0 0 0 0 0 1 0 0 0 0 0 0
284 3 0 0 1 0 0 0 0 0 0 0 0 0
285 2 0 0 1 0 0 0 0 0 0 0 0 0
fn=dfs_traversal.part.0
140 16 1 1 0 0 0 8 0 0 0 0 0 0
148 2 1 1 2 0 0 0 0 0 0 0 0 0
150 6 0 0 2 0 0 0 0 0 2 2 0 0
161 4 0 0 0 0 0 0 0 0 2 0 0 0
176 6 0 0 2 0 0 2 0 0 0 0 0 0
177 2 0 0 0 0 0 2 0 0 0 0 0 0
178 12 1 1 10 0 0 0 0 0 0 0 0 0
fl=./elf/./elf/dl-tunables.c
fn=__GI___tunable_set_val
102 45 1 1 5 0 0 0 0 0 5 0 0 0
111 5 0 0 5 0 0 0 0 0 0 0 0 0
112 25 0 0 10 0 0 0 0 0 5 0 0 0
113 40 1 1 10 0 0 0 0 0 5 0 0 0
116 15 0 0 0 0 0 0 0 0 5 0 0 0
119 10 0 0 0 0 0 0 0 0 5 3 0 0
123 10 0 0 0 0 0 0 0 0 5 2 0 0
130 10 1 1 0 0 0 0 0 0 5 0 0 0
131 10 0 0 0 0 0 0 0 0 5 2 0 0
134 30 0 0 0 0 0 5 0 0 0 0 0 0
135 5 0 0 0 0 0 5 0 0 0 0 0 0
136 5 0 0 0 0 0 5 0 0 0 0 0 0
137 5 0 0 0 0 0 5 0 0 0 0 0 0
157 25 1 1 0 0 0 0 0 0 0 0 0 0
161 5 0 0 5 0 0 0 0 0 0 0 0 0
fn=__GI___tunables_init
71 175 0 0 35 0 0 0 0 0 70 3 0 0
74 68 0 0 0 0 0 0 0 0 0 0 0 0
77 2359 1 1 337 17 17 0 0 0 640 48 0 0
81 68 1 1 0 0 0 0 0 0 34 0 0 0
86 136 0 0 0 0 0 0 0 0 0 0 0 0
273 7 0 0 1 0 0 0 0 0 1 0 0 0
282 9 2 2 0 0 0 6 1 1 0 0 0 0
305 4760 0 0 0 0 0 0 0 0 1190 34 0 0
311 7480 1 1 2380 35 35 0 0 0 2380 345 0 0
323 136 0 0 34 0 0 0 0 0 0 0 0 0
357 8 0 0 7 0 0 0 0 0 0 0 0 0
fn=__tunable_get_val
405 11 1 1 0 0 0 0 0 0 0 0 0 0
408 115 1 1 11 6 6 0 0 0 17 10 0 0
417 12 0 0 11 0 0 1 0 0 0 0 0 0
427 10 0 0 0 0 0 10 0 0 0 0 0 0
428 10 0 0 0 0 0 0 0 0 0 0 0 0
434 55 0 0 11 0 0 0 0 0 11 11 0 0
436 11 1 1 11 0 0 0 0 0 0 0 0 0
fl=./elf/./elf/dl-tunables.h
fn=__GI___tunable_set_val
121 10 0 0 0 0 0 0 0 0 5 0 0 0
122 5 0 0 0 0 0 0 0 0 0 0 0 0
131 20 1 1 0 0 0 0 0 0 0 0 0 0
fn=__GI___tunables_init
140 551 0 0 384 1 1 0 0 0 22 6 0 0
141 1448 1 1 0 0 0 0 0 0 396 32 0 0
fl=./elf/./elf/do-rel.h
fn=_dl_start
49 4 0 0 2 0 0 0 0 0 0 0 0 0
50 1 0 0 1 0 0 0 0 0 0 0 0 0
86 10 0 0 4 0 0 0 0 0 0 0 0 0
88 4 0 0 0 0 0 0 0 0 0 0 0 0
113 431 0 0 0 0 0 0 0 0 144 7 0 0
114 284 1 1 142 18 18 0 0 0 0 0 0 0
118 4 0 0 2 0 0 0 0 0 2 0 0 0
126 28 0 0 0 0 0 0 0 0 9 2 0 0
128 21 1 1 7 2 2 0 0 0 0 0 0 0
129 14 0 0 0 0 0 0 0 0 0 0 0 0
130 14 0 0 7 0 0 0 0 0 0 0 0 0
fl=./elf/./elf/get-dynamic-info.h
fn=_dl_map_object_from_fd
39 2 0 0 0 0 0 0 0 0 1 0 0 0
43 1 0 0 0 0 0 0 0 0 0 0 0 0
45 55 0 0 14 5 5 0 0 0 14 1 0 0
49 26 0 0 0 0 0 0 0 0 13 8 0 0
54 13 1 1 0 0 0 0 0 0 3 2 0 0
55 8 0 0 0 0 0 0 0 0 0 0 0 0
56 5 0 0 0 0 0 0 0 0 1 1 0 0
58 1 0 0 0 0 0 0 0 0 0 0 0 0
59 5 1 1 0 0 0 0 0 0 1 1 0 0
61 1 0 0 0 0 0 0 0 0 0 0 0 0
62 5 2 2 0 0 0 0 0 0 1 0 0 0
64 5 0 0 0 0 0 0 0 0 0 0 0 0
68 13 0 0 0 0 0 13 4 4 0 0 0 0
72 4 0 0 1 0 0 0 0 0 2 0 0 0
82 3 1 1 1 0 0 0 0 0 1 1 0 0
83 4 0 0 2 0 0 0 0 0 1 0 0 0
84 4 0 0 2 0 0 0 0 0 1 0 0 0
85 4 0 0 2 0 0 0 0 0 1 0 0 0
87 4 0 0 2 0 0 0 0 0 1 0 0 0
92 3 1 1 1 1 1 0 0 0 1 1 0 0
93 3 0 0 1 1 1 0 0 0 1 1 0 0
94 4 0 0 2 0 0 0 0 0 1 0 0 0
97 3 0 0 1 0 0 0 0 0 1 1 0 0
109 2 1 1 1 0 0 0 0 0 1 0 0 0
110 3 0 0 2 0 0 0 0 0 1 0 0 0
132 3 0 0 1 1 1 0 0 0 1 1 0 0
147 3 1 1 1 0 0 0 0 0 1 0 0 0
149 3 0 0 1 0 0 1 0 0 0 0 0 0
150 2 0 0 0 0 0 0 0 0 1 1 0 0
159 2 1 1 1 0 0 0 0 0 0 0 0 0
160 3 1 1 0 0 0 0 0 0 1 1 0 0
165 2 0 0 0 0 0 0 0 0 1 0 0 0
169 2 0 0 1 0 0 0 0 0 1 1 0 0
fl=./elf/./elf/rtld.c
fn=_dl_start
85 8 1 1 0 0 0 2 1 1 0 0 0 0
488 3 0 0 0 0 0 1 0 0 0 0 0 0
489 1 0 0 0 0 0 1 0 0 0 0 0 0
490 6 0 0 0 0 0 1 0 0 0 0 0 0
492 2 1 1 0 0 0 1 1 1 0 0 0 0
501 1 0 0 0 0 0 1 0 0 0 0 0 0
507 3 0 0 1 0 0 1 0 0 0 0 0 0
527 10 2 2 0 0 0 7 1 1 0 0 0 0
553 1 0 0 0 0 0 1 1 1 0 0 0 0
556 2 1 1 0 0 0 1 1 1 0 0 0 0
557 1 0 0 1 1 1 0 0 0 0 0 0 0
573 56 3 3 12 0 0 8 1 1 7 2 0 0
575 1 1 1 1 0 0 0 0 0 0 0 0 0
588 1 0 0 0 0 0 1 1 1 0 0 0 0
592 2 0 0 0 0 0 1 0 0 0 0 0 0
fn=dl_main
85 8 2 2 0 0 0 0 0 0 0 0 0 0
92 3 1 1 0 0 0 0 0 0 0 0 0 0
101 3 0 0 1 0 0 0 0 0 0 0 0 0
205 2 0 0 0 0 0 1 0 0 0 0 0 0
207 1 1 1 0 0 0 1 0 0 0 0 0 0
232 2 1 1 2 1 1 0 0 0 0 0 0 0
233 4 1 1 3 0 0 0 0 0 1 1 0 0
234 4 0 0 0 0 0 0 0 0 2 2 0 0
304 3 0 0 0 0 0 3 0 0 0 0 0 0
310 1 0 0 0 0 0 1 0 0 0 0 0 0
311 2 0 0 0 0 0 1 0 0 0 0 0 0
1140 2 0 0 1 0 0 1 0 0 0 0 0 0
1143 1 0 0 0 0 0 1 0 0 0 0 0 0
1146 1 0 0 0 0 0 1 0 0 0 0 0 0
1148 2 0 0 1 1 1 1 1 1 0 0 0 0
1150 1 0 0 1 0 0 0 0 0 0 0 0 0
1151 1 0 0 1 0 0 0 0 0 0 0 0 0
1166 1 0 0 0 0 0 0 0 0 0 0 0 0
1169 34 4 4 2 0 0 0 0 0 10 8 0 0
1170 80 1 1 15 6 6 0 0 0 20 5 6 5
1174 3 1 1 2 0 0 1 0 0 0 0 0 0
1179 3 1 1 2 0 0 1 0 0 0 0 0 0
1180 9 0 0 2 0 0 1 0 0 0 0 0 0
1189 2 0 0 0 0 0 1 0 0 0 0 0 0
1190 2 0 0 2 1 1 0 0 0 0 0 0 0
1192 1 0 0 0 0 0 1 0 0 0 0 0 0
1199 3 1 1 1 0 0 0 0 0 1 1 0 0
1211 1 0 0 0 0 0 0 0 0 0 0 0 0
1217 1 0 0 0 0 0 1 0 0 0 0 0 0
1225 4 0 0 2 0 0 0 0 0 0 0 0 0
1226 12 2 2 3 1 1 0 0 0 0 0 0 0
1227 4 0 0 2 0 0 0 0 0 2 1 0 0
1228 1 0 0 0 0 0 1 0 0 0 0 0 0
1230 6 0 0 2 0 0 0 0 0 0 0 0 0
1231 6 1 1 0 0 0 0 0 0 3 1 0 0
1232 2 0 0 0 0 0 1 0 0 0 0 0 0
1235 4 0 0 2 1 1 0 0 0 0 0 0 0
1236 4 0 0 2 0 0 0 0 0 2 0 0 0
1237 2 0 0 0 0 0 2 0 0 0 0 0 0
1238 6 0 0 3 0 0 0 0 0 3 1 0 0
1239 1 0 0 0 0 0 1 0 0 0 0 0 0
1243 6 1 1 0 0 0 0 0 0 0 0 0 0
1271 2 0 0 1 0 0 1 1 1 0 0 0 0
1275 4 0 0 2 0 0 1 0 0 0 0 0 0
1277 1 0 0 0 0 0 0 0 0 0 0 0 0
1281 18 0 0 9 0 0 0 0 0 9 1 0 0
1282 43 1 1 9 0 0 0 0 0 17 13 0 0
1288 9 0 0 0 0 0 0 0 0 0 0 0 0
1294 3 0 0 1 1 1 0 0 0 1 1 0 0
1297 4 0 0 2 0 0 0 0 0 1 1 0 0
1299 3 1 1 1 0 0 0 0 0 1 1 0 0
1301 2 0 0 1 0 0 0 0 0 1 0 0 0
1320 14 2 2 0 0 0 10 1 1 0 0 0 0
1326 1 0 0 0 0 0 1 0 0 0 0 0 0
1332 1 0 0 0 0 0 1 1 1 0 0 0 0
1348 3 0 0 2 0 0 1 0 0 0 0 0 0
1349 4 1 1 2 0 0 0 0 0 1 1 0 0
1627 10 2 2 0 0 0 2 0 0 0 0 0 0
1629 2 0 0 0 0 0 0 0 0 1 0 0 0
1630 2 0 0 1 0 0 1 0 0 0 0 0 0
1631 2 0 0 1 0 0 1 0 0 0 0 0 0
1632 3 1 1 2 0 0 1 0 0 0 0 0 0
1636 3 0 0 0 0 0 1 0 0 0 0 0 0
1637 2 0 0 1 0 0 0 0 0 1 0 0 0
1662 3 0 0 1 0 0 0 0 0 1 0 0 0
1663 6 0 0 2 0 0 1 0 0 1 0 0 0
1664 3 1 1 2 0 0 0 0 0 0 0 0 0
1665 3 0 0 3 0 0 0 0 0 0 0 0 0
1668 1 0 0 0 0 0 1 0 0 0 0 0 0
1670 1 0 0 0 0 0 1 1 1 0 0 0 0
1671 1 1 1 0 0 0 1 1 1 0 0 0 0
1673 2 0 0 1 0 0 0 0 0 1 0 0 0
1674 2 0 0 0 0 0 1 0 0 0 0 0 0
1678 2 0 0 1 0 0 0 0 0 1 0 0 0
1680 2 0 0 1 0 0 0 0 0 1 0 0 0
1688 3 0 0 1 0 0 0 0 0 1 1 0 0
1695 2 1 1 0 0 0 1 0 0 0 0 0 0
1698 2 0 0 1 0 0 0 0 0 1 0 0 0
1723 9 0 0 1 0 0 2 0 0 3 0 0 0
1731 4 0 0 1 0 0 2 0 0 0 0 0 0
1733 1 0 0 0 0 0 1 0 0 0 0 0 0
1738 2 0 0 1 0 0 0 0 0 1 1 0 0
1741 4 1 1 2 0 0 1 0 0 0 0 0 0
1742 4 0 0 1 0 0 1 0 0 0 0 0 0
1743 2 0 0 0 0 0 1 0 0 0 0 0 0
1744 1 0 0 0 0 0 1 0 0 0 0 0 0
1745 1 1 1 1 0 0 0 0 0 0 0 0 0
1746 1 0 0 1 0 0 0 0 0 0 0 0 0
1751 2 0 0 1 0 0 0 0 0 1 0 0 0
1752 3 1 1 1 0 0 1 0 0 0 0 0 0
1764 2 0 0 1 1 1 0 0 0 1 0 0 0
1765 2 0 0 1 0 0 0 0 0 1 0 0 0
1767 2 0 0 1 0 0 0 0 0 0 0 0 0
1769 1 0 0 0 0 0 1 0 0 0 0 0 0
1770 3 1 1 1 0 0 1 0 0 0 0 0 0
1775 5 0 0 0 0 0 0 0 0 1 1 0 0
1776 5 0 0 1 1 1 0 0 0 1 1 0 0
1778 4 1 1 2 1 1 1 1 1 0 0 0 0
1784 2 1 1 1 1 1 0 0 0 1 1 0 0
1793 2 1 1 1 0 0 0 0 0 1 0 0 0
1797 1 1 1 0 0 0 1 0 0 0 0 0 0
1798 2 0 0 1 0 0 0 0 0 1 0 0 0
1822 2 0 0 0 0 0 2 0 0 0 0 0 0
1828 2 0 0 1 0 0 1 0 0 0 0 0 0
1829 1 0 0 0 0 0 1 0 0 0 0 0 0
1830 1 1 1 0 0 0 0 0 0 0 0 0 0
1834 3 0 0 0 0 0 1 0 0 0 0 0 0
1839 3 0 0 2 0 0 0 0 0 1 0 0 0
1841 1 0 0 0 0 0 0 0 0 0 0 0 0
1843 2 0 0 1 0 0 0 0 0 1 1 0 0
1847 5 0 0 1 0 0 1 0 0 0 0 0 0
1852 2 0 0 1 0 0 0 0 0 1 0 0 0
1868 6 1 1 0 0 0 1 0 0 1 0 0 0
1944 4 0 0 2 0 0 0 0 0 1 1 0 0
1948 19 3 3 1 0 0 0 0 0 2 1 0 0
1949 1 0 0 0 0 0 0 0 0 0 0 0 0
1952 3 0 0 0 0 0 1 0 0 0 0 0 0
1953 1 0 0 1 0 0 0 0 0 0 0 0 0
1954 2 0 0 0 0 0 0 0 0 1 0 0 0
1955 2 0 0 0 0 0 0 0 0 1 0 0 0
1960 3 0 0 1 0 0 0 0 0 1 1 0 0
1970 8 0 0 1 0 0 1 0 0 0 0 0 0
2677 3 0 0 1 0 0 2 0 0 0 0 0 0
2679 1 0 0 0 0 0 0 0 0 0 0 0 0
2683 6 1 1 1 0 0 1 1 1 0 0 0 0
2685 16 0 0 0 0 0 3 0 0 3 1 0 0
2687 2 0 0 0 0 0 0 0 0 0 0 0 0
2689 107 0 0 21 0 0 0 0 0 40 10 0 0
2690 19 1 1 0 0 0 0 0 0 0 0 0 0
2698 13 0 0 2 1 1 0 0 0 2 0 2 2
2719 2 1 1 1 0 0 0 0 0 1 0 0 0
2726 6 1 1 3 0 0 0 0 0 3 1 0 0
2728 2 0 0 0 0 0 1 0 0 0 0 0 0
2729 1 0 0 0 0 0 0 0 0 0 0 0 0
2774 3 1 1 1 0 0 0 0 0 1 0 0 0
2775 5 1 1 2 0 0 0 0 0 2 1 0 0
2777 2 1 1 0 0 0 1 0 0 0 0 0 0
2778 2 0 0 0 0 0 1 0 0 0 0 0 0
2779 1 0 0 0 0 0 0 0 0 0 0 0 0
2818 1 0 0 0 0 0 0 0 0 0 0 0 0
2829 1 0 0 0 0 0 0 0 0 0 0 0 0
2845 4 1 1 1 0 0 0 0 0 1 0 0 0
2877 2 0 0 0 0 0 0 0 0 1 1 0 0
fn=handle_preload_list
191 3 1 1 1 0 0 0 0 0 1 0 0 0
831 1 1 1 0 0 0 1 0 0 0 0 0 0
835 1 0 0 0 0 0 1 0 0 0 0 0 0
836 2 0 0 1 0 0 1 0 0 0 0 0 0
837 1 0 0 0 0 0 1 0 0 0 0 0 0
839 1 0 0 1 0 0 0 0 0 0 0 0 0
841 7 0 0 0 0 0 1 0 0 0 0 0 0
842 3 0 0 1 0 0 0 0 0 1 0 0 0
850 3 0 0 1 0 0 0 0 0 0 0 0 0
894 12 1 1 1 1 1 8 1 1 0 0 0 0
895 3 1 1 0 0 0 0 0 0 0 0 0 0
899 5 0 0 2 0 0 0 0 0 2 0 0 0
902 4 0 0 0 0 0 1 1 1 0 0 0 0
903 3 0 0 0 0 0 0 0 0 1 1 0 0
905 5 1 1 0 0 0 1 0 0 0 0 0 0
906 2 0 0 0 0 0 1 0 0 0 0 0 0
912 1 0 0 0 0 0 0 0 0 0 0 0 0
914 2 0 0 1 0 0 0 0 0 0 0 0 0
916 2 0 0 1 0 0 0 0 0 1 0 0 0
917 1 0 0 0 0 0 0 0 0 0 0 0 0
920 9 0 0 7 0 0 0 0 0 0 0 0 0
fn=map_doit
663 3 1 1 0 0 0 1 0 0 0 0 0 0
665 4 0 0 1 0 0 0 0 0 0 0 0 0
666 6 1 1 2 0 0 2 0 0 0 0 0 0
668 2 0 0 2 0 0 0 0 0 0 0 0 0
fl=./elf/./get-dynamic-info.h
fn=_dl_start
45 75 0 0 19 5 5 0 0 0 19 1 0 0
49 36 1 1 0 0 0 0 0 0 18 8 0 0
54 21 0 0 0 0 0 0 0 0 5 3 0 0
55 14 0 0 0 0 0 0 0 0 0 0 0 0
56 5 0 0 0 0 0 0 0 0 1 1 0 0
58 1 0 0 0 0 0 0 0 0 0 0 0 0
59 5 1 1 0 0 0 0 0 0 1 1 0 0
61 1 0 0 0 0 0 0 0 0 0 0 0 0
62 5 1 1 0 0 0 0 0 0 1 0 0 0
64 5 0 0 0 0 0 0 0 0 0 0 0 0
68 19 0 0 0 0 0 18 6 6 0 0 0 0
72 3 0 0 0 0 0 0 0 0 1 0 0 0
82 4 1 1 2 0 0 0 0 0 1 0 0 0
83 4 0 0 2 0 0 0 0 0 1 0 0 0
84 4 0 0 2 0 0 0 0 0 1 0 0 0
85 4 0 0 2 0 0 0 0 0 1 0 0 0
87 4 1 1 2 0 0 0 0 0 1 0 0 0
92 4 0 0 2 0 0 0 0 0 1 0 0 0
93 4 0 0 2 0 0 0 0 0 1 0 0 0
94 4 0 0 2 0 0 0 0 0 1 0 0 0
97 3 1 1 1 0 0 0 0 0 1 0 0 0
102 2 0 0 1 0 0 0 0 0 1 0 0 0
109 3 0 0 1 0 0 0 0 0 1 0 0 0
110 3 0 0 2 0 0 0 0 0 1 0 0 0
118 2 0 0 1 1 1 0 0 0 1 0 0 0
119 2 1 1 1 0 0 0 0 0 1 0 0 0
124 3 0 0 1 0 0 0 0 0 1 1 0 0
127 3 0 0 1 0 0 0 0 0 1 1 0 0
fn=dl_main
39 3 1 1 1 0 0 0 0 0 1 0 0 0
43 1 0 0 0 0 0 0 0 0 0 0 0 0
45 99 0 0 25 7 7 0 0 0 25 1 0 0
49 48 1 1 0 0 0 0 0 0 24 10 0 0
54 17 0 0 0 0 0 0 0 0 4 3 0 0
55 11 0 0 0 0 0 0 0 0 0 0 0 0
56 5 0 0 0 0 0 0 0 0 1 1 0 0
58 1 0 0 0 0 0 0 0 0 0 0 0 0
59 5 2 2 0 0 0 0 0 0 1 0 0 0
61 1 0 0 0 0 0 0 0 0 0 0 0 0
62 5 0 0 0 0 0 0 0 0 1 0 0 0
64 5 0 0 0 0 0 0 0 0 0 0 0 0
68 24 0 0 0 0 0 24 6 6 0 0 0 0
72 3 1 1 1 0 0 0 0 0 1 0 0 0
97 3 0 0 1 0 0 0 0 0 1 0 0 0
102 2 0 0 1 0 0 0 0 0 1 0 0 0
109 2 0 0 1 0 0 0 0 0 1 0 0 0
110 3 0 0 2 0 0 0 0 0 1 0 0 0
132 3 1 1 1 0 0 0 0 0 1 1 0 0
147 3 1 1 1 0 0 0 0 0 1 1 0 0
169 2 1 1 1 0 0 0 0 0 1 1 0 0
fl=./elf/./setup-vdso.h
fn=dl_main
24 2 0 0 1 1 1 0 0 0 1 1 0 0
fl=./io/../sysdeps/unix/sysv/linux/access.c
fn=access
25 1 1 1 0 0 0 0 0 0 0 0 0 0
27 7 0 0 0 0 0 1 0 0 1 1 0 0
31 1 0 0 1 0 0 0 0 0 0 0 0 0
fl=./io/../sysdeps/unix/sysv/linux/close_nocancel.c
fn=__GI___close_nocancel
25 2 1 1 0 0 0 0 0 0 0 0 0 0
26 8 0 0 0 0 0 0 0 0 2 0 0 0
27 2 0 0 2 0 0 0 0 0 0 0 0 0
fl=./io/../sysdeps/unix/sysv/linux/fstat64.c
fn=fstat
29 4 1 1 0 0 0 0 0 0 0 0 0 0
30 4 0 0 0 0 0 0 0 0 2 0 0 0
35 6 0 0 0 0 0 0 0 0 0 0 0 0
fl=./io/../sysdeps/unix/sysv/linux/fstatat64.c
fn=fstatat
98 104 0 0 0 0 0 0 0 0 0 0 0 0
153 104 1 1 0 0 0 0 0 0 0 0 0 0
167 90 0 0 0 0 0 45 0 0 0 0 0 0
168 201 0 0 45 0 0 0 0 0 52 8 0 0
169 7 0 0 7 0 0 0 0 0 0 0 0 0
fl=./io/../sysdeps/unix/sysv/linux/open64_nocancel.c
fn=__open_nocancel
28 208 1 1 0 0 0 52 1 1 0 0 0 0
31 364 1 1 0 0 0 0 0 0 104 0 0 0
39 514 0 0 0 0 0 50 0 0 52 4 0 0
41 52 0 0 52 0 0 0 0 0 0 0 0 0
fl=./io/../sysdeps/unix/sysv/linux/read_nocancel.c
fn=__read_nocancel
25 1 1 1 0 0 0 0 0 0 0 0 0 0
26 4 0 0 0 0 0 0 0 0 1 0 0 0
27 1 0 0 1 0 0 0 0 0 0 0 0 0
fl=./io/../sysdeps/unix/sysv/linux/stat64.c
fn=stat
28 100 1 1 0 0 0 0 0 0 0 0 0 0
29 200 0 0 0 0 0 0 0 0 0 0 0 0
fl=./misc/../sysdeps/unix/sysv/linux/mmap64.c
fn=mmap
47 12 1 1 0 0 0 0 0 0 0 0 0 0
50 12 0 0 0 0 0 0 0 0 6 0 0 0
58 24 0 0 0 0 0 0 0 0 6 0 0 0
60 6 0 0 6 0 0 0 0 0 0 0 0 0
fl=./posix/../sysdeps/unix/syscall-template.S
fn=uname
120 5 1 1 0 0 0 0 0 0 1 0 0 0
122 1 0 0 1 0 0 0 0 0 0 0 0 0
fl=./posix/../sysdeps/unix/sysv/linux/_exit.c
fn=_Exit
27 1 1 1 0 0 0 0 0 0 0 0 0 0
30 3 0 0 0 0 0 0 0 0 0 0 0 0
31 2 0 0 0 0 0 0 0 0 0 0 0 0
fl=./setjmp/../sysdeps/x86_64/__longjmp.S
fn=__longjmp
36 1 0 0 0 0 0 0 0 0 0 0 0 0
38 1 0 0 1 0 0 0 0 0 0 0 0 0
39 1 0 0 1 0 0 0 0 0 0 0 0 0
40 1 0 0 1 0 0 0 0 0 0 0 0 0
42 2 0 0 1 0 0 0 0 0 0 0 0 0
43 2 0 0 1 0 0 0 0 0 0 0 0 0
44 2 1 1 1 0 0 0 0 0 0 0 0 0
60 1 0 0 0 0 0 0 0 0 0 0 0 0
64 1 0 0 0 0 0 0 0 0 0 0 0 0
66 1 0 0 1 0 0 0 0 0 0 0 0 0
67 1 0 0 0 0 0 0 0 0 1 1 0 0
89 1 0 0 0 0 0 0 0 0 0 0 0 0
100 1 0 0 1 0 0 0 0 0 0 0 0 0
101 1 0 0 1 0 0 0 0 0 0 0 0 0
102 1 0 0 1 0 0 0 0 0 0 0 0 0
103 1 0 0 1 0 0 0 0 0 0 0 0 0
104 1 1 1 1 0 0 0 0 0 0 0 0 0
106 1 0 0 0 0 0 0 0 0 0 0 0 0
107 1 0 0 0 0 0 0 0 0 0 0 0 0
108 1 0 0 0 0 0 0 0 0 0 0 0 0
109 1 0 0 0 0 0 0 0 0 0 0 0 0
111 1 0 0 0 0 0 0 0 0 0 0 1 1
fl=./setjmp/../sysdeps/x86_64/setjmp.S
fn=__sigsetjmp
30 2 1 1 0 0 0 0 0 0 0 0 0 0
32 2 0 0 0 0 0 2 1 1 0 0 0 0
41 2 0 0 0 0 0 0 0 0 0 0 0 0
42 4 1 1 2 0 0 0 0 0 0 0 0 0
43 2 0 0 0 0 0 2 0 0 0 0 0 0
47 2 0 0 0 0 0 2 0 0 0 0 0 0
48 2 0 0 0 0 0 2 0 0 0 0 0 0
49 2 0 0 0 0 0 2 0 0 0 0 0 0
50 2 0 0 0 0 0 2 0 0 0 0 0 0
51 2 0 0 0 0 0 0 0 0 0 0 0 0
53 4 0 0 2 0 0 0 0 0 0 0 0 0
55 2 0 0 0 0 0 2 0 0 0 0 0 0
56 2 0 0 2 0 0 0 0 0 0 0 0 0
57 2 0 0 0 0 0 0 0 0 0 0 0 0
59 4 0 0 2 0 0 0 0 0 0 0 0 0
61 2 1 1 0 0 0 2 0 0 0 0 0 0
69 2 0 0 0 0 0 0 0 0 0 0 0 0
72 2 0 0 0 0 0 0 0 0 0 0 0 0
73 2 0 0 0 0 0 2 1 1 0 0 0 0
80 2 0 0 0 0 0 0 0 0 0 0 0 0
81 2 0 0 2 0 0 0 0 0 0 0 0 0
fl=./string/../include/rtld-malloc.h
fn=strdup
56 4 0 0 2 0 0 2 0 0 0 0 2 1
fl=./string/../sysdeps/x86_64/memcmp.S
fn=bcmp
22 1 1 1 0 0 0 0 0 0 0 0 0 0
27 1 0 0 0 0 0 0 0 0 0 0 0 0
28 1 0 0 0 0 0 0 0 0 1 0 0 0
29 1 0 0 0 0 0 0 0 0 0 0 0 0
30 1 0 0 0 0 0 0 0 0 1 0 0 0
31 1 0 0 0 0 0 0 0 0 0 0 0 0
32 1 0 0 0 0 0 0 0 0 0 0 0 0
33 1 0 0 0 0 0 0 0 0 0 0 0 0
34 1 0 0 0 0 0 0 0 0 1 0 0 0
37 1 0 0 0 0 0 0 0 0 0 0 0 0
38 1 0 0 0 0 0 0 0 0 1 0 0 0
39 1 1 1 1 0 0 0 0 0 0 0 0 0
40 1 0 0 1 0 0 0 0 0 0 0 0 0
41 1 0 0 0 0 0 0 0 0 0 0 0 0
42 1 0 0 0 0 0 0 0 0 1 0 0 0
43 1 0 0 0 0 0 0 0 0 0 0 0 0
44 1 0 0 0 0 0 0 0 0 0 0 0 0
45 1 0 0 0 0 0 0 0 0 1 0 0 0
47 1 0 0 0 0 0 0 0 0 0 0 0 0
48 1 0 0 0 0 0 0 0 0 1 1 0 0
65 1 1 1 0 0 0 0 0 0 0 0 0 0
66 1 0 0 0 0 0 0 0 0 1 1 0 0
83 1 0 0 0 0 0 0 0 0 0 0 0 0
84 1 0 0 0 0 0 0 0 0 1 0 0 0
85 1 0 0 1 0 0 0 0 0 0 0 0 0
86 1 0 0 1 0 0 0 0 0 0 0 0 0
87 1 0 0 0 0 0 0 0 0 0 0 0 0
91 1 0 0 0 0 0 0 0 0 0 0 0 0
93 1 0 0 0 0 0 0 0 0 0 0 0 0
94 1 0 0 0 0 0 0 0 0 0 0 0 0
98 1 0 0 0 0 0 0 0 0 1 1 0 0
138 1 1 1 0 0 0 0 0 0 0 0 0 0
139 1 0 0 0 0 0 0 0 0 1 0 0 0
140 1 0 0 0 0 0 0 0 0 0 0 0 0
141 1 0 0 0 0 0 0 0 0 0 0 0 0
142 1 0 0 0 0 0 0 0 0 0 0 0 0
143 1 0 0 0 0 0 0 0 0 0 0 0 0
144 1 1 1 0 0 0 0 0 0 0 0 0 0
145 1 0 0 0 0 0 0 0 0 0 0 0 0
146 1 0 0 0 0 0 0 0 0 0 0 0 0
147 1 0 0 0 0 0 0 0 0 0 0 0 0
148 1 0 0 0 0 0 0 0 0 0 0 0 0
149 1 0 0 0 0 0 0 0 0 0 0 0 0
150 1 0 0 1 0 0 0 0 0 0 0 0 0
fl=./string/../sysdeps/x86_64/multiarch/../strchr.S
fn=index
23 14 1 1 0 0 0 0 0 0 0 0 0 0
24 14 0 0 0 0 0 0 0 0 0 0 0 0
25 14 0 0 0 0 0 0 0 0 0 0 0 0
26 14 0 0 0 0 0 0 0 0 0 0 0 0
27 14 0 0 0 0 0 0 0 0 0 0 0 0
28 14 0 0 0 0 0 0 0 0 0 0 0 0
29 14 0 0 0 0 0 0 0 0 0 0 0 0
30 14 0 0 0 0 0 0 0 0 0 0 0 0
31 14 0 0 0 0 0 0 0 0 14 0 0 0
32 14 0 0 14 2 2 0 0 0 0 0 0 0
33 14 0 0 0 0 0 0 0 0 0 0 0 0
34 14 1 1 0 0 0 0 0 0 0 0 0 0
35 14 0 0 0 0 0 0 0 0 0 0 0 0
36 14 0 0 0 0 0 0 0 0 0 0 0 0
37 14 0 0 0 0 0 0 0 0 0 0 0 0
38 14 0 0 0 0 0 0 0 0 0 0 0 0
39 14 0 0 0 0 0 0 0 0 0 0 0 0
40 14 0 0 0 0 0 0 0 0 14 1 0 0
41 13 0 0 0 0 0 0 0 0 0 0 0 0
45 13 0 0 0 0 0 0 0 0 0 0 0 0
46 13 0 0 0 0 0 0 0 0 0 0 0 0
47 13 0 0 13 0 0 0 0 0 0 0 0 0
48 13 0 0 0 0 0 0 0 0 0 0 0 0
50 13 0 0 13 0 0 0 0 0 0 0 0 0
54 1 0 0 1 0 0 0 0 0 0 0 0 0
55 1 0 0 0 0 0 0 0 0 0 0 0 0
56 1 0 0 0 0 0 0 0 0 0 0 0 0
57 1 1 1 0 0 0 0 0 0 0 0 0 0
58 1 0 0 0 0 0 0 0 0 0 0 0 0
59 1 0 0 0 0 0 0 0 0 0 0 0 0
60 1 0 0 1 0 0 0 0 0 0 0 0 0
61 1 0 0 0 0 0 0 0 0 0 0 0 0
62 1 0 0 0 0 0 0 0 0 0 0 0 0
63 1 0 0 0 0 0 0 0 0 0 0 0 0
64 1 0 0 0 0 0 0 0 0 0 0 0 0
65 1 0 0 0 0 0 0 0 0 0 0 0 0
66 1 0 0 0 0 0 0 0 0 0 0 0 0
67 1 0 0 1 0 0 0 0 0 0 0 0 0
68 1 0 0 0 0 0 0 0 0 0 0 0 0
69 1 0 0 0 0 0 0 0 0 0 0 0 0
70 1 0 0 0 0 0 0 0 0 0 0 0 0
71 1 0 0 0 0 0 0 0 0 0 0 0 0
72 1 0 0 0 0 0 0 0 0 0 0 0 0
73 1 1 1 0 0 0 0 0 0 0 0 0 0
74 1 0 0 0 0 0 0 0 0 0 0 0 0
75 1 0 0 0 0 0 0 0 0 0 0 0 0
76 1 0 0 0 0 0 0 0 0 0 0 0 0
77 1 0 0 0 0 0 0 0 0 1 1 0 0
129 1 1 1 0 0 0 0 0 0 0 0 0 0
133 1 0 0 0 0 0 0 0 0 0 0 0 0
134 1 0 0 0 0 0 0 0 0 0 0 0 0
135 1 0 0 1 0 0 0 0 0 0 0 0 0
136 1 0 0 0 0 0 0 0 0 0 0 0 0
138 1 0 0 1 0 0 0 0 0 0 0 0 0
fl=./string/../sysdeps/x86_64/multiarch/memmove-vec-unaligned-erms.S
fn=memcpy
212 9 1 1 0 0 0 0 0 0 0 0 0 0
213 9 0 0 0 0 0 0 0 0 0 0 0 0
219 124 0 0 0 0 0 0 0 0 0 0 0 0
220 124 0 0 0 0 0 0 0 0 124 39 0 0
222 24 0 0 24 0 0 0 0 0 0 0 0 0
223 24 0 0 0 0 0 0 0 0 0 0 0 0
224 24 0 0 0 0 0 0 0 0 24 4 0 0
226 20 0 0 20 0 0 0 0 0 0 0 0 0
227 20 0 0 0 0 0 20 0 0 0 0 0 0
228 20 0 0 0 0 0 20 0 0 0 0 0 0
230 20 0 0 20 0 0 0 0 0 0 0 0 0
360 100 1 1 0 0 0 0 0 0 0 0 0 0
361 100 0 0 0 0 0 0 0 0 100 37 0 0
363 22 0 0 0 0 0 0 0 0 0 0 0 0
367 22 0 0 0 0 0 0 0 0 22 10 0 0
368 8 0 0 0 0 0 0 0 0 0 0 0 0
369 8 0 0 0 0 0 0 0 0 8 2 0 0
370 3 0 0 3 2 2 0 0 0 0 0 0 0
371 3 0 0 0 0 0 0 0 0 3 1 0 0
372 2 0 0 2 0 0 0 0 0 0 0 0 0
373 2 0 0 0 0 0 2 1 1 0 0 0 0
375 3 0 0 0 0 0 3 1 1 0 0 0 0
377 8 0 0 8 0 0 0 0 0 0 0 0 0
383 14 0 0 14 0 0 0 0 0 0 0 0 0
384 14 0 0 14 0 0 0 0 0 0 0 0 0
385 14 0 0 0 0 0 14 0 0 0 0 0 0
386 14 0 0 0 0 0 14 0 0 0 0 0 0
387 14 0 0 14 0 0 0 0 0 0 0 0 0
416 78 1 1 78 1 1 0 0 0 0 0 0 0
417 78 0 0 78 0 0 0 0 0 0 0 0 0
418 78 0 0 0 0 0 78 4 4 0 0 0 0
419 78 0 0 0 0 0 78 0 0 0 0 0 0
420 78 0 0 78 0 0 0 0 0 0 0 0 0
427 4 0 0 4 0 0 0 0 0 0 0 0 0
428 4 0 0 4 0 0 0 0 0 0 0 0 0
429 4 0 0 0 0 0 4 2 2 0 0 0 0
430 4 0 0 0 0 0 4 1 1 0 0 0 0
431 4 0 0 0 0 0 4 2 2 0 0 0 0
432 4 0 0 0 0 0 4 0 0 0 0 0 0
433 4 0 0 4 0 0 0 0 0 0 0 0 0
444 4 1 1 0 0 0 0 0 0 0 0 0 0
445 4 0 0 0 0 0 0 0 0 4 0 0 0
447 4 0 0 4 0 0 0 0 0 0 0 0 0
448 4 0 0 0 0 0 0 0 0 0 0 0 0
449 4 0 0 0 0 0 0 0 0 4 3 0 0
fn=mempcpy
199 115 0 0 0 0 0 0 0 0 0 0 0 0
200 115 0 0 0 0 0 0 0 0 0 0 0 0
201 115 0 0 0 0 0 0 0 0 0 0 0 0
202 115 0 0 0 0 0 0 0 0 0 0 0 0
fl=./string/../sysdeps/x86_64/multiarch/memset-vec-unaligned-erms.S
fn=memset
125 5 1 1 0 0 0 0 0 0 0 0 0 0
126 25 0 0 0 0 0 0 0 0 0 0 0 0
132 5 0 0 0 0 0 0 0 0 0 0 0 0
133 5 1 1 0 0 0 0 0 0 5 0 0 0
134 5 0 0 0 0 0 0 0 0 0 0 0 0
135 5 0 0 0 0 0 0 0 0 5 3 0 0
137 1 0 0 0 0 0 1 1 1 0 0 0 0
138 1 0 0 0 0 0 1 0 0 0 0 0 0
139 1 0 0 1 0 0 0 0 0 0 0 0 0
204 4 0 0 0 0 0 4 0 0 0 0 0 0
205 4 0 0 0 0 0 4 0 0 0 0 0 0
207 4 0 0 4 0 0 0 0 0 0 0 0 0
283 4 0 0 0 0 0 4 1 1 0 0 0 0
284 4 0 0 0 0 0 4 1 1 0 0 0 0
289 4 0 0 0 0 0 0 0 0 0 0 0 0
292 4 0 0 0 0 0 0 0 0 0 0 0 0
293 4 0 0 0 0 0 0 0 0 4 3 0 0
fl=./string/../sysdeps/x86_64/multiarch/strlen-vec.S
fn=strlen
41 21 1 1 0 0 0 0 0 0 0 0 0 0
85 21 0 0 0 0 0 0 0 0 0 0 0 0
86 21 0 0 0 0 0 0 0 0 0 0 0 0
87 21 0 0 0 0 0 0 0 0 0 0 0 0
88 21 0 0 0 0 0 0 0 0 0 0 0 0
89 21 0 0 0 0 0 0 0 0 0 0 0 0
90 21 0 0 0 0 0 0 0 0 0 0 0 0
91 21 0 0 0 0 0 0 0 0 0 0 0 0
93 21 0 0 0 0 0 0 0 0 0 0 0 0
95 21 0 0 0 0 0 0 0 0 21 0 0 0
126 21 0 0 21 6 6 0 0 0 0 0 0 0
127 21 0 0 0 0 0 0 0 0 0 0 0 0
128 21 0 0 0 0 0 0 0 0 0 0 0 0
129 21 0 0 0 0 0 0 0 0 0 0 0 0
130 21 0 0 0 0 0 0 0 0 21 10 0 0
131 14 0 0 0 0 0 0 0 0 0 0 0 0
133 14 0 0 14 0 0 0 0 0 0 0 0 0
137 7 1 1 0 0 0 0 0 0 0 0 0 0
138 7 0 0 7 0 0 0 0 0 0 0 0 0
139 7 0 0 7 2 2 0 0 0 0 0 0 0
140 7 0 0 7 0 0 0 0 0 0 0 0 0
141 7 0 0 0 0 0 0 0 0 0 0 0 0
142 7 0 0 0 0 0 0 0 0 0 0 0 0
143 7 0 0 0 0 0 0 0 0 0 0 0 0
144 7 0 0 0 0 0 0 0 0 0 0 0 0
145 7 0 0 0 0 0 0 0 0 0 0 0 0
146 7 0 0 0 0 0 0 0 0 0 0 0 0
147 7 0 0 0 0 0 0 0 0 0 0 0 0
148 7 0 0 0 0 0 0 0 0 0 0 0 0
153 56 1 1 7 0 0 0 0 0 7 0 0 0
fl=./string/../sysdeps/x86_64/strcmp.S
fn=strcmp
108 16 1 1 0 0 0 0 0 0 0 0 0 0
141 16 0 0 0 0 0 0 0 0 0 0 0 0
142 16 0 0 0 0 0 0 0 0 0 0 0 0
144 16 0 0 0 0 0 0 0 0 0 0 0 0
145 16 0 0 0 0 0 0 0 0 0 0 0 0
166 16 0 0 0 0 0 0 0 0 0 0 0 0
167 16 0 0 0 0 0 0 0 0 11 7 0 0
168 9 0 0 0 0 0 0 0 0 0 0 0 0
169 9 0 0 0 0 0 0 0 0 9 4 0 0
170 7 0 0 7 0 0 0 0 0 0 0 0 0
171 7 1 1 7 0 0 0 0 0 0 0 0 0
172 7 0 0 7 0 0 0 0 0 0 0 0 0
173 7 0 0 7 0 0 0 0 0 0 0 0 0
194 7 0 0 0 0 0 0 0 0 0 0 0 0
195 7 0 0 0 0 0 0 0 0 0 0 0 0
196 7 0 0 0 0 0 0 0 0 0 0 0 0
197 7 0 0 0 0 0 0 0 0 0 0 0 0
198 7 0 0 0 0 0 0 0 0 0 0 0 0
199 7 0 0 0 0 0 0 0 0 0 0 0 0
200 7 0 0 0 0 0 0 0 0 7 6 0 0
215 9 1 1 0 0 0 0 0 0 0 0 0 0
216 9 0 0 0 0 0 0 0 0 0 0 0 0
217 9 0 0 0 0 0 0 0 0 0 0 0 0
218 9 0 0 0 0 0 0 0 0 0 0 0 0
219 9 0 0 0 0 0 0 0 0 0 0 0 0
220 9 0 0 0 0 0 0 0 0 0 0 0 0
221 9 0 0 0 0 0 0 0 0 0 0 0 0
222 9 0 0 0 0 0 0 0 0 9 1 0 0
223 8 0 0 0 0 0 0 0 0 8 4 0 0
224 4 0 0 0 0 0 0 0 0 0 0 0 0
225 4 0 0 0 0 0 0 0 0 0 0 0 0
226 4 0 0 0 0 0 0 0 0 0 0 0 0
228 8 0 0 0 0 0 0 0 0 0 0 0 0
229 8 0 0 0 0 0 0 0 0 0 0 0 0
230 8 0 0 0 0 0 0 0 0 0 0 0 0
231 8 0 0 8 2 2 0 0 0 0 0 0 0
232 8 0 0 0 0 0 0 0 0 0 0 0 0
233 8 0 0 0 0 0 0 0 0 0 0 8 2
243 1 1 1 1 1 1 0 0 0 0 0 0 0
244 1 0 0 0 0 0 0 0 0 0 0 0 0
245 1 0 0 0 0 0 0 0 0 0 0 0 0
247 1 0 0 1 0 0 0 0 0 0 0 0 0
253 1 0 0 0 0 0 0 0 0 0 0 0 0
254 1 0 0 0 0 0 0 0 0 0 0 0 0
255 1 0 0 0 0 0 0 0 0 0 0 0 0
256 1 0 0 0 0 0 0 0 0 0 0 0 0
257 1 0 0 0 0 0 0 0 0 0 0 0 0
262 1 0 0 0 0 0 0 0 0 1 1 0 0
1193 4 1 1 0 0 0 0 0 0 0 0 0 0
1194 4 0 0 4 0 0 0 0 0 0 0 0 0
1195 4 0 0 4 0 0 0 0 0 0 0 0 0
1196 4 0 0 0 0 0 0 0 0 0 0 0 0
1197 4 0 0 0 0 0 0 0 0 0 0 0 0
1199 4 0 0 0 0 0 0 0 0 0 0 0 0
1200 4 0 0 0 0 0 0 0 0 0 0 0 0
1201 4 1 1 0 0 0 0 0 0 0 0 0 0
1202 4 0 0 0 0 0 0 0 0 0 0 0 0
1203 4 0 0 0 0 0 0 0 0 0 0 0 0
1204 4 0 0 0 0 0 0 0 0 0 0 0 0
1205 4 0 0 0 0 0 0 0 0 4 4 0 0
2068 4 1 1 0 0 0 0 0 0 0 0 0 0
2069 4 0 0 4 0 0 0 0 0 0 0 0 0
2070 4 0 0 4 0 0 0 0 0 0 0 0 0
2071 4 0 0 0 0 0 0 0 0 0 0 0 0
2072 4 0 0 0 0 0 0 0 0 0 0 0 0
2074 4 0 0 0 0 0 0 0 0 0 0 0 0
2075 4 0 0 0 0 0 0 0 0 0 0 0 0
2076 4 1 1 0 0 0 0 0 0 0 0 0 0
2077 4 0 0 0 0 0 0 0 0 0 0 0 0
2078 4 0 0 0 0 0 0 0 0 0 0 0 0
2079 4 0 0 0 0 0 0 0 0 0 0 0 0
2080 4 0 0 0 0 0 0 0 0 4 4 0 0
2199 9 1 1 0 0 0 0 0 0 0 0 0 0
2200 9 0 0 0 0 0 0 0 0 0 0 0 0
2201 9 0 0 0 0 0 0 0 0 0 0 0 0
2202 9 0 0 0 0 0 0 0 0 9 5 0 0
2203 8 0 0 0 0 0 0 0 0 0 0 0 0
2208 16 1 1 0 0 0 0 0 0 0 0 0 0
2214 16 0 0 16 0 0 0 0 0 0 0 0 0
2215 16 0 0 16 0 0 0 0 0 0 0 0 0
2223 16 0 0 0 0 0 0 0 0 0 0 0 0
2224 16 0 0 16 0 0 0 0 0 0 0 0 0
fl=./string/../sysdeps/x86_64/strcspn.S
fn=strcspn
25 1 1 1 0 0 0 0 0 0 0 0 0 0
27 1 0 0 0 0 0 0 0 0 0 0 0 0
34 1 0 0 0 0 0 0 0 0 0 0 0 0
35 1 1 1 0 0 0 0 0 0 0 0 0 0
37 1 0 0 0 0 0 0 0 0 0 0 0 0
38 1 0 0 0 0 0 0 0 0 0 0 0 0
39 1 0 0 0 0 0 0 0 0 0 0 0 0
40 1 0 0 0 0 0 0 0 0 0 0 0 0
41 33 0 0 0 0 0 32 4 4 32 10 0 0
44 3 0 0 0 0 0 0 0 0 0 0 0 0
51 1 0 0 1 1 1 0 0 0 0 0 0 0
52 1 0 0 0 0 0 0 0 0 0 0 0 0
53 1 0 0 0 0 0 0 0 0 1 0 0 0
54 1 0 0 0 0 0 1 0 0 0 0 0 0
56 1 0 0 1 0 0 0 0 0 0 0 0 0
57 1 0 0 0 0 0 0 0 0 0 0 0 0
58 1 0 0 0 0 0 0 0 0 1 0 0 0
59 1 0 0 0 0 0 1 0 0 0 0 0 0
61 1 0 0 1 0 0 0 0 0 0 0 0 0
62 1 0 0 0 0 0 0 0 0 0 0 0 0
63 1 0 0 0 0 0 0 0 0 1 1 0 0
72 3 1 1 0 0 0 0 0 0 0 0 0 0
84 13 0 0 0 0 0 0 0 0 0 0 0 0
86 13 0 0 13 0 0 0 0 0 0 0 0 0
87 13 0 0 13 0 0 0 0 0 0 0 0 0
88 13 0 0 0 0 0 0 0 0 13 0 0 0
90 13 0 0 13 0 0 0 0 0 0 0 0 0
91 13 0 0 13 0 0 0 0 0 0 0 0 0
92 13 0 0 0 0 0 0 0 0 13 0 0 0
94 13 0 0 13 1 1 0 0 0 0 0 0 0
95 13 0 0 13 0 0 0 0 0 0 0 0 0
96 13 0 0 0 0 0 0 0 0 13 0 0 0
98 13 0 0 13 0 0 0 0 0 0 0 0 0
99 13 0 0 13 0 0 0 0 0 0 0 0 0
100 13 0 0 0 0 0 0 0 0 13 3 0 0
102 1 0 0 0 0 0 0 0 0 0 0 0 0
103 1 0 0 0 0 0 0 0 0 0 0 0 0
104 1 0 0 0 0 0 0 0 0 0 0 0 0
106 1 0 0 0 0 0 0 0 0 0 0 0 0
113 1 0 0 0 0 0 0 0 0 0 0 0 0
117 1 0 0 1 0 0 0 0 0 0 0 0 0
fl=./string/./string/strdup.c
fn=strdup
40 10 1 1 0 0 0 4 0 0 0 0 0 0
41 4 0 0 0 0 0 2 0 0 0 0 0 0
44 4 0 0 0 0 0 0 0 0 2 0 0 0
47 8 0 0 0 0 0 0 0 0 0 0 0 0
48 6 0 0 4 0 0 0 0 0 0 0 0 0
fl=???
fn=???
0 12 3 3 5 0 0 1 1 1 0 0 5 4
summary: 46435 630 628 8691 268 268 3051 175 175 9820 1460 65 48
